a,t0,Kp,Ti,Td,beta,Jdi,Jr,JdiNorm,JrNorm,Ms
0.4,0.7,1.2329,1.2578,0.37582,0.71789,1.1045,1.4349,1.8627,0,0.66704,1,1.8
0.4,0.7,1.2332,1.2627,0.3752,0.70739,1.1046,1.4317,1.8596,0.00023594,0.65252,0.98934,1.8
0.4,0.7,1.2335,1.2674,0.37465,0.70012,1.1047,1.4284,1.8565,0.00061801,0.63819,0.97887,1.8
0.4,0.7,1.2338,1.272,0.37422,0.69532,1.105,1.4253,1.8535,0.0011498,0.62407,0.96859,1.8
0.4,0.7,1.2341,1.2766,0.37377,0.69078,1.1052,1.4221,1.8506,0.0018331,0.61015,0.9585,1.8
0.4,0.7,1.2343,1.2807,0.37359,0.68888,1.1056,1.4191,1.8477,0.0026702,0.59644,0.94861,1.8
0.4,0.7,1.2346,1.2851,0.37328,0.68617,1.106,1.416,1.8448,0.003659,0.58293,0.93891,1.8
0.4,0.7,1.2349,1.289,0.37319,0.68532,1.1064,1.413,1.8421,0.0047972,0.56962,0.9294,1.8
0.4,0.7,1.2352,1.2931,0.37302,0.68388,1.107,1.4101,1.8393,0.006086,0.55652,0.92007,1.8
0.4,0.7,1.2354,1.2967,0.37313,0.6845,1.1075,1.4072,1.8366,0.00752,0.5436,0.91093,1.8
0.4,0.7,1.2359,1.3035,0.37358,0.68716,1.1089,1.4015,1.8315,0.010828,0.51837,0.89322,1.8
0.4,0.7,1.2361,1.307,0.37365,0.68741,1.1096,1.3987,1.8289,0.012687,0.50603,0.88462,1.8
0.4,0.7,1.2363,1.31,0.3741,0.69031,1.1104,1.396,1.8265,0.014677,0.49386,0.87619,1.8
0.4,0.7,1.2364,1.3128,0.3746,0.69365,1.1113,1.3933,1.824,0.01679,0.48186,0.86791,1.8
0.4,0.7,1.2366,1.316,0.37485,0.6951,1.1122,1.3906,1.8217,0.019022,0.47002,0.85978,1.8
0.4,0.7,1.2367,1.3185,0.37554,0.70004,1.1132,1.388,1.8193,0.021364,0.45833,0.8518,1.8
0.4,0.7,1.2369,1.3214,0.3759,0.70239,1.1141,1.3854,1.817,0.023812,0.44678,0.84394,1.8
0.4,0.7,1.237,1.3241,0.37639,0.70585,1.1152,1.3829,1.8148,0.026362,0.43536,0.83623,1.8
0.4,0.7,1.237,1.3264,0.37717,0.71221,1.1162,1.3803,1.8125,0.028997,0.42406,0.8286,1.8
0.4,0.7,1.2371,1.329,0.37769,0.71644,1.1173,1.3778,1.8103,0.031722,0.41288,0.8211,1.8
0.4,0.7,1.2371,1.3313,0.37841,0.72316,1.1185,1.3753,1.8082,0.034529,0.40181,0.81371,1.8
0.4,0.7,1.2371,1.3334,0.37923,0.73206,1.1197,1.3729,1.806,0.037416,0.39085,0.80641,1.8
0.4,0.7,1.2371,1.3357,0.37987,0.74021,1.1209,1.3704,1.8039,0.040375,0.37998,0.7992,1.8
0.4,0.7,1.2371,1.338,0.38053,0.75173,1.1221,1.368,1.8018,0.043401,0.36921,0.79208,1.8
0.4,0.7,1.2371,1.3406,0.38099,0.76293,1.1233,1.3656,1.7998,0.046512,0.35856,0.78514,1.8
0.4,0.7,1.2372,1.3436,0.38118,0.76466,1.1246,1.3632,1.7977,0.049643,0.34791,0.77809,1.8
0.4,0.7,1.2372,1.3465,0.38141,0.77159,1.1259,1.3608,1.7957,0.052854,0.33738,0.7712,1.8
0.4,0.7,1.2373,1.3494,0.38159,0.76808,1.1272,1.3585,1.7937,0.056125,0.32694,0.76439,1.8
0.4,0.7,1.2373,1.3523,0.3818,0.77496,1.1286,1.3562,1.7917,0.05945,0.31656,0.75765,1.8
0.4,0.7,1.2374,1.3552,0.38199,0.77147,1.13,1.3539,1.7898,0.062829,0.30626,0.75098,1.8
0.4,0.7,1.2373,1.3579,0.38226,0.77318,1.1314,1.3516,1.788,0.06636,0.29625,0.74485,1.7999
0.4,0.7,1.2374,1.3609,0.3824,0.77482,1.1328,1.3493,1.7859,0.069747,0.28587,0.73784,1.8
0.4,0.7,1.2374,1.3638,0.38261,0.77649,1.1342,1.347,1.784,0.07328,0.27577,0.73136,1.8
0.4,0.7,1.2374,1.3666,0.38282,0.77815,1.1356,1.3447,1.7822,0.076859,0.26574,0.72494,1.8
0.4,0.7,1.2375,1.3695,0.38303,0.77981,1.1371,1.3425,1.7803,0.080481,0.25576,0.71858,1.8
0.4,0.7,1.2375,1.3723,0.38324,0.77649,1.1386,1.3403,1.7785,0.084149,0.24585,0.71228,1.8
0.4,0.7,1.2374,1.3751,0.38347,0.77815,1.1401,1.3381,1.7766,0.087867,0.23602,0.7061,1.8
0.4,0.7,1.2374,1.3779,0.38368,0.7798,1.1416,1.3359,1.7748,0.091594,0.22617,0.69981,1.8
0.4,0.7,1.2374,1.3807,0.3839,0.78146,1.1431,1.3337,1.773,0.095377,0.21641,0.69365,1.8
0.4,0.7,1.2374,1.3835,0.38412,0.7831,1.1447,1.3315,1.7712,0.099196,0.2067,0.68754,1.8
0.4,0.7,1.2374,1.3863,0.38434,0.77995,1.1463,1.3293,1.7694,0.10304,0.19702,0.68146,1.8
0.4,0.7,1.2374,1.389,0.38457,0.78161,1.1478,1.3272,1.7677,0.10693,0.18742,0.67549,1.8
0.4,0.7,1.2373,1.3918,0.38479,0.78326,1.1494,1.325,1.7659,0.11084,0.17783,0.66949,1.8
0.4,0.7,1.2373,1.3946,0.385,0.7849,1.151,1.3228,1.7642,0.11477,0.16826,0.66351,1.8
0.4,0.7,1.2373,1.3973,0.38519,0.78652,1.1526,1.3207,1.7624,0.1187,0.15869,0.65748,1.8
0.4,0.7,1.2372,1.4001,0.3854,0.78526,1.1542,1.3186,1.7607,0.12269,0.1492,0.65157,1.8
0.4,0.7,1.2372,1.4028,0.38562,0.78517,1.1558,1.3164,1.759,0.12671,0.13978,0.64579,1.8
0.4,0.7,1.2371,1.4055,0.38588,0.78684,1.1575,1.3144,1.7574,0.13081,0.13053,0.64033,1.7999
0.4,0.7,1.2371,1.4084,0.38603,0.78844,1.1591,1.3122,1.7556,0.13479,0.12095,0.63412,1.8
0.4,0.7,1.2371,1.4111,0.38621,0.79005,1.1608,1.3101,1.7538,0.13885,0.11154,0.62823,1.8
0.4,0.7,1.237,1.4139,0.3864,0.79167,1.1624,1.308,1.7522,0.14294,0.1022,0.62248,1.8
0.4,0.7,1.2369,1.4166,0.38676,0.78894,1.1642,1.306,1.7506,0.14727,0.093189,0.61707,1.8
0.4,0.7,1.2366,1.4191,0.38737,0.79085,1.1661,1.3041,1.7492,0.15197,0.084779,0.61243,1.7999
0.4,0.7,1.2364,1.4218,0.38806,0.79282,1.168,1.3022,1.7477,0.15683,0.076343,0.60728,1.8
0.4,0.7,1.2361,1.4244,0.38891,0.79491,1.1701,1.3004,1.7464,0.16193,0.068351,0.60279,1.8
0.4,0.7,1.2357,1.427,0.38987,0.7928,1.1723,1.2987,1.7451,0.16722,0.060616,0.59854,1.8
0.4,0.7,1.2353,1.4295,0.39095,0.7951,1.1745,1.297,1.744,0.17272,0.053162,0.59457,1.8
0.4,0.7,1.2347,1.432,0.39215,0.7975,1.1768,1.2954,1.7429,0.17843,0.045993,0.59086,1.8
0.4,0.7,1.2341,1.4344,0.39346,0.80001,1.1792,1.2938,1.7419,0.18437,0.039124,0.58741,1.8
0.4,0.7,1.2334,1.4368,0.3949,0.79851,1.1817,1.2924,1.741,0.19055,0.032592,0.58432,1.8
0.4,0.7,1.2326,1.4391,0.39648,0.80129,1.1843,1.291,1.7403,0.19699,0.026568,0.58194,1.7999
0.4,0.7,1.2317,1.4415,0.3982,0.80423,1.1871,1.2897,1.7395,0.20375,0.020627,0.57914,1.8
0.4,0.7,1.2307,1.4438,0.40008,0.80734,1.1899,1.2885,1.7389,0.21085,0.015281,0.57708,1.8
0.4,0.7,1.2294,1.4458,0.40214,0.80667,1.193,1.2874,1.7386,0.2183,0.010662,0.57605,1.7999
0.4,0.7,1.2281,1.448,0.40444,0.81024,1.1962,1.2865,1.7383,0.22627,0.0065372,0.57522,1.7999
0.4,0.7,1.2265,1.4501,0.40703,0.81031,1.1997,1.2857,1.7382,0.2349,0.0030446,0.57471,1.8
0.4,0.7,1.2245,1.4518,0.4099,0.81454,1.2034,1.2852,1.7386,0.24409,0.00089635,0.57606,1.7999
0.4,0.7,1.2222,1.4536,0.41324,0.81945,1.2077,1.285,1.7391,0.25475,0,0.57795,1.7998
0.4,0.7,1.2327,1.2632,0.37173,0.75217,1.1046,1.435,1.8564,0.00021168,0.66732,0.97821,1.8
0.4,0.7,1.233,1.2671,0.37188,0.75422,1.1046,1.4317,1.8532,0.00037327,0.6527,0.96745,1.8
0.4,0.7,1.2334,1.271,0.37204,0.75511,1.1048,1.4285,1.8501,0.00070354,0.63831,0.95692,1.8
0.4,0.7,1.2337,1.2747,0.37221,0.75209,1.105,1.4253,1.8471,0.0012011,0.62414,0.94659,1.8
0.4,0.7,1.234,1.2785,0.37237,0.75409,1.1052,1.4221,1.8441,0.0018619,0.61019,0.93648,1.8
0.4,0.7,1.2343,1.2822,0.37253,0.75608,1.1056,1.4191,1.8412,0.0026829,0.59646,0.92656,1.8
0.4,0.7,1.2346,1.2859,0.37269,0.75804,1.106,1.416,1.8384,0.0036635,0.58294,0.91685,1.8
0.4,0.7,1.2349,1.2896,0.37278,0.74815,1.1064,1.413,1.8356,0.0047986,0.56963,0.90733,1.8
0.4,0.7,1.2352,1.2931,0.37299,0.75308,1.107,1.4101,1.8329,0.0060857,0.55652,0.89801,1.8
0.4,0.7,1.2354,1.2967,0.37313,0.75104,1.1075,1.4072,1.8302,0.0075198,0.5436,0.88887,1.8
0.4,0.7,1.2356,1.3002,0.37328,0.75109,1.1082,1.4043,1.8276,0.0091038,0.53089,0.87992,1.8
0.4,0.7,1.2359,1.3035,0.37353,0.76161,1.1089,1.4015,1.825,0.010828,0.51837,0.87115,1.8
0.4,0.7,1.2361,1.307,0.37363,0.75203,1.1096,1.3987,1.8225,0.012687,0.50603,0.86255,1.8
0.4,0.7,1.2363,1.3103,0.37388,0.75953,1.1104,1.396,1.82,0.014678,0.49386,0.85412,1.8
0.4,0.7,1.2365,1.3136,0.37406,0.76134,1.1113,1.3933,1.8176,0.016793,0.48187,0.84585,1.8
0.4,0.7,1.2367,1.3169,0.37424,0.76314,1.1122,1.3906,1.8152,0.019028,0.47003,0.83773,1.8
0.4,0.7,1.2368,1.3201,0.37442,0.76491,1.1132,1.388,1.8129,0.021387,0.45837,0.82979,1.8
0.4,0.7,1.237,1.3233,0.37459,0.7611,1.1142,1.3854,1.8106,0.023834,0.44681,0.82191,1.8
0.4,0.7,1.2371,1.3264,0.37478,0.76285,1.1152,1.3829,1.8083,0.026399,0.43541,0.81422,1.8
0.4,0.7,1.2373,1.3296,0.37497,0.76459,1.1163,1.3803,1.8061,0.029059,0.42415,0.80662,1.8
0.4,0.7,1.2374,1.3327,0.37517,0.76631,1.1174,1.3778,1.8039,0.031821,0.41302,0.79917,1.8
0.4,0.7,1.2375,1.3357,0.37536,0.76801,1.1185,1.3754,1.8018,0.034666,0.402,0.79183,1.8
0.4,0.7,1.2377,1.3388,0.37555,0.7697,1.1197,1.3729,1.7996,0.03759,0.39108,0.78457,1.8
0.4,0.7,1.2378,1.3418,0.37574,0.77137,1.1209,1.3705,1.7975,0.040595,0.38028,0.77742,1.8
0.4,0.7,1.2379,1.3447,0.37595,0.76769,1.1222,1.3681,1.7955,0.043693,0.36962,0.77046,1.8
0.4,0.7,1.238,1.3477,0.37615,0.76935,1.1235,1.3657,1.7935,0.04684,0.359,0.76349,1.8
0.4,0.7,1.2381,1.3507,0.37633,0.771,1.1248,1.3633,1.7914,0.050034,0.34844,0.75653,1.8
0.4,0.7,1.2382,1.3536,0.37653,0.77264,1.1261,1.361,1.7894,0.053304,0.33799,0.74971,1.8
0.4,0.7,1.2382,1.3565,0.37674,0.77428,1.1275,1.3587,1.7875,0.056661,0.32767,0.74308,1.8
0.4,0.7,1.2383,1.3593,0.37695,0.77074,1.1288,1.3564,1.7855,0.060053,0.31739,0.73643,1.8
0.4,0.7,1.2383,1.3621,0.3772,0.7724,1.1303,1.3541,1.7837,0.063569,0.30735,0.73021,1.7999
0.4,0.7,1.2384,1.3651,0.37736,0.774,1.1316,1.3518,1.7817,0.066989,0.29702,0.7233,1.8
0.4,0.7,1.2385,1.3679,0.37756,0.77561,1.1331,1.3495,1.7798,0.070516,0.2869,0.71676,1.8
0.4,0.7,1.2385,1.3708,0.37776,0.77722,1.1345,1.3473,1.7779,0.074102,0.27688,0.71035,1.8
0.4,0.7,1.2386,1.3736,0.37797,0.77384,1.136,1.345,1.776,0.07773,0.26691,0.70398,1.8
0.4,0.7,1.2386,1.3764,0.3782,0.77545,1.1375,1.3428,1.7742,0.081418,0.25704,0.69777,1.8
0.4,0.7,1.2386,1.3792,0.37842,0.77707,1.139,1.3406,1.7724,0.085138,0.2472,0.69153,1.8
0.4,0.7,1.2387,1.382,0.37864,0.77868,1.1405,1.3384,1.7706,0.088899,0.23741,0.68534,1.8
0.4,0.7,1.2387,1.3848,0.37887,0.78028,1.1421,1.3362,1.7688,0.092697,0.22767,0.6792,1.8
0.4,0.7,1.2387,1.3875,0.37909,0.78188,1.1436,1.334,1.767,0.09653,0.21797,0.67311,1.8
0.4,0.7,1.2387,1.3903,0.37932,0.77867,1.1452,1.3318,1.7652,0.10039,0.20832,0.66705,1.8
0.4,0.7,1.2386,1.3929,0.3796,0.78031,1.1468,1.3297,1.7636,0.10434,0.19887,0.66141,1.7999
0.4,0.7,1.2387,1.3958,0.37977,0.78188,1.1483,1.3275,1.7617,0.1082,0.18913,0.65504,1.8
0.4,0.7,1.2386,1.3985,0.38004,0.78351,1.15,1.3254,1.7601,0.11221,0.17975,0.64947,1.7999
0.4,0.7,1.2387,1.4013,0.3802,0.78507,1.1516,1.3233,1.7582,0.11613,0.17009,0.64317,1.8
0.4,0.7,1.2387,1.4041,0.38041,0.78201,1.1532,1.3211,1.7565,0.12012,0.16059,0.6372,1.8
0.4,0.7,1.2387,1.4068,0.38064,0.78362,1.1548,1.319,1.7548,0.12416,0.15119,0.63144,1.8
0.4,0.7,1.2387,1.4096,0.38085,0.78521,1.1564,1.3169,1.7531,0.1282,0.14178,0.62561,1.8
0.4,0.7,1.2386,1.4122,0.38111,0.78683,1.1581,1.3148,1.7515,0.13232,0.13257,0.6202,1.7999
0.4,0.7,1.2386,1.415,0.38126,0.78838,1.1598,1.3127,1.7497,0.13636,0.12306,0.61404,1.8
0.4,0.7,1.2386,1.4178,0.38144,0.78995,1.1614,1.3106,1.748,0.14046,0.1137,0.60821,1.8
0.4,0.7,1.2385,1.4203,0.38192,0.78724,1.1632,1.3086,1.7465,0.14491,0.10497,0.60332,1.7999
0.4,0.7,1.2383,1.423,0.3825,0.78907,1.1651,1.3067,1.745,0.14955,0.096338,0.59817,1.7999
0.4,0.7,1.2382,1.4257,0.3832,0.79099,1.167,1.3048,1.7435,0.15437,0.087879,0.59306,1.8
0.4,0.7,1.2379,1.4283,0.38403,0.793,1.1691,1.303,1.7422,0.15938,0.079767,0.58845,1.8
0.4,0.7,1.2376,1.4309,0.38496,0.79078,1.1712,1.3012,1.7409,0.16455,0.071875,0.58406,1.8
0.4,0.7,1.2372,1.4333,0.38601,0.79299,1.1733,1.2995,1.7398,0.1699,0.06436,0.58027,1.7999
0.4,0.7,1.2368,1.436,0.38713,0.79525,1.1756,1.2978,1.7385,0.17541,0.056782,0.57592,1.8
0.4,0.7,1.2363,1.4384,0.38836,0.79762,1.1779,1.2962,1.7374,0.18112,0.049611,0.57221,1.8
0.4,0.7,1.2358,1.4409,0.3897,0.79596,1.1803,1.2946,1.7364,0.18703,0.042698,0.56872,1.8
0.4,0.7,1.2351,1.4432,0.39116,0.79856,1.1828,1.2932,1.7356,0.19314,0.036243,0.56596,1.7999
0.4,0.7,1.2343,1.4456,0.39274,0.80128,1.1853,1.2918,1.7348,0.1995,0.029946,0.56308,1.7999
0.4,0.7,1.2336,1.4481,0.39445,0.80414,1.188,1.2904,1.7339,0.20616,0.023874,0.56014,1.8
0.4,0.7,1.2325,1.4502,0.3963,0.80318,1.1908,1.2892,1.7334,0.21307,0.018522,0.55842,1.7999
0.4,0.7,1.2315,1.4525,0.39833,0.80639,1.1938,1.2881,1.7329,0.22036,0.013436,0.55661,1.7999
0.4,0.7,1.2303,1.4548,0.40058,0.80986,1.197,1.287,1.7324,0.22816,0.0088346,0.55505,1.8
0.4,0.7,1.2287,1.4566,0.40301,0.8097,1.2002,1.2862,1.7324,0.23629,0.0052651,0.55511,1.7999
0.4,0.7,1.2271,1.4588,0.40582,0.81381,1.2039,1.2855,1.7324,0.24529,0.0022096,0.55497,1.8
0.4,0.7,1.2251,1.4606,0.40898,0.81832,1.2079,1.2851,1.7328,0.25507,0.00044851,0.55632,1.8
0.4,0.7,1.2326,1.2737,0.36689,0.75057,1.1049,1.4319,1.847,0.0010928,0.65367,0.9463,1.8
0.4,0.7,1.233,1.2776,0.36707,0.75257,1.105,1.4287,1.8439,0.001353,0.63919,0.93574,1.8
0.4,0.7,1.2334,1.2814,0.36723,0.75455,1.1052,1.4254,1.8409,0.0017689,0.62491,0.9253,1.8
0.4,0.7,1.2338,1.2853,0.36738,0.75651,1.1054,1.4223,1.8378,0.0023372,0.61083,0.91501,1.8
0.4,0.7,1.2341,1.2891,0.36754,0.75845,1.1057,1.4192,1.8349,0.0030983,0.59702,0.90502,1.8
0.4,0.7,1.2345,1.2928,0.36771,0.75438,1.1061,1.4161,1.8321,0.004033,0.58344,0.89525,1.8
0.4,0.7,1.2348,1.2964,0.36789,0.7563,1.1066,1.4131,1.8293,0.0051532,0.57011,0.88577,1.8
0.4,0.7,1.2351,1.3,0.36805,0.75818,1.1071,1.4102,1.8265,0.006395,0.55693,0.87633,1.8
0.4,0.7,1.2354,1.3036,0.36822,0.76004,1.1077,1.4073,1.8238,0.0078173,0.54401,0.86718,1.8
0.4,0.7,1.2357,1.3071,0.36838,0.75609,1.1083,1.4044,1.8212,0.0093956,0.53129,0.85823,1.8
0.4,0.7,1.2359,1.3106,0.36856,0.76369,1.109,1.4016,1.8186,0.01112,0.51877,0.84946,1.8
0.4,0.7,1.2362,1.314,0.36875,0.75973,1.1098,1.3988,1.8162,0.013013,0.50648,0.84096,1.8
0.4,0.7,1.2364,1.3173,0.36893,0.76151,1.1106,1.3961,1.8137,0.015024,0.49434,0.83256,1.8
0.4,0.7,1.2367,1.3207,0.36911,0.76327,1.1114,1.3934,1.8113,0.017152,0.48235,0.82424,1.8
0.4,0.7,1.2369,1.324,0.36929,0.76501,1.1124,1.3908,1.8089,0.019428,0.47057,0.81616,1.8
0.4,0.7,1.2371,1.3272,0.36948,0.76672,1.1133,1.3882,1.8066,0.021827,0.45895,0.80825,1.8
0.4,0.7,1.2373,1.3304,0.36968,0.76286,1.1144,1.3856,1.8043,0.024359,0.44753,0.80057,1.8
0.4,0.7,1.2375,1.3335,0.36988,0.76456,1.1154,1.383,1.8021,0.026979,0.43621,0.79294,1.8
0.4,0.7,1.2377,1.3366,0.37007,0.76623,1.1165,1.3805,1.7999,0.029701,0.42502,0.78543,1.8
0.4,0.7,1.2378,1.3397,0.37027,0.76789,1.1177,1.3781,1.7977,0.03252,0.41397,0.77805,1.8
0.4,0.7,1.238,1.3428,0.37046,0.76953,1.1189,1.3756,1.7956,0.035429,0.40304,0.77078,1.8
0.4,0.7,1.2382,1.3458,0.37065,0.76578,1.1201,1.3732,1.7935,0.038407,0.39218,0.76355,1.8
0.4,0.7,1.2383,1.3488,0.37086,0.76742,1.1213,1.3708,1.7914,0.041496,0.38151,0.75656,1.8
0.4,0.7,1.2384,1.3517,0.37107,0.76904,1.1226,1.3684,1.7894,0.044647,0.3709,0.7496,1.8
0.4,0.7,1.2386,1.3547,0.37127,0.77064,1.1239,1.366,1.7874,0.047868,0.36038,0.74273,1.8
0.4,0.7,1.2387,1.3576,0.37148,0.77224,1.1252,1.3637,1.7854,0.051153,0.34996,0.73594,1.8
0.4,0.7,1.2388,1.3605,0.37167,0.77381,1.1266,1.3613,1.7834,0.054482,0.33957,0.72913,1.8
0.4,0.7,1.2389,1.3634,0.37189,0.77022,1.128,1.359,1.7815,0.057899,0.32934,0.72258,1.8
0.4,0.7,1.239,1.3661,0.37215,0.77182,1.1294,1.3568,1.7797,0.061417,0.3193,0.71638,1.7999
0.4,0.7,1.2391,1.3691,0.37231,0.77337,1.1308,1.3545,1.7776,0.064857,0.309,0.70949,1.8
0.4,0.7,1.2392,1.3719,0.37252,0.77494,1.1322,1.3522,1.7758,0.06841,0.29893,0.70304,1.8
0.4,0.7,1.2393,1.3748,0.37272,0.77649,1.1337,1.35,1.7739,0.072,0.2889,0.69657,1.8
0.4,0.7,1.2394,1.3775,0.37294,0.77305,1.1352,1.3477,1.772,0.07566,0.27899,0.69032,1.8
0.4,0.7,1.2394,1.3803,0.37316,0.77462,1.1366,1.3455,1.7702,0.079349,0.2691,0.68404,1.8
0.4,0.7,1.2395,1.3831,0.37339,0.77618,1.1382,1.3433,1.7684,0.08308,0.25927,0.67782,1.8
0.4,0.7,1.2396,1.3859,0.37361,0.77774,1.1397,1.3411,1.7666,0.086852,0.2495,0.67164,1.8
0.4,0.7,1.2396,1.3887,0.37384,0.77929,1.1412,1.3389,1.7648,0.090663,0.23978,0.66552,1.8
0.4,0.7,1.2397,1.3915,0.37406,0.78084,1.1428,1.3367,1.763,0.0945,0.23007,0.65936,1.8
0.4,0.7,1.2397,1.3942,0.37429,0.77757,1.1444,1.3346,1.7612,0.098376,0.22044,0.65332,1.8
0.4,0.7,1.2398,1.3969,0.37453,0.77913,1.1459,1.3324,1.7595,0.10229,0.21087,0.64739,1.8
0.4,0.7,1.2398,1.3997,0.37477,0.78069,1.1475,1.3303,1.7577,0.10623,0.20133,0.64144,1.8
0.4,0.7,1.2398,1.4024,0.375,0.78224,1.1492,1.3281,1.756,0.1102,0.19182,0.63551,1.8
0.4,0.7,1.2399,1.4052,0.37522,0.78379,1.1508,1.326,1.7542,0.1142,0.18234,0.62962,1.8
0.4,0.7,1.2399,1.4079,0.37544,0.78069,1.1524,1.3239,1.7525,0.11822,0.1729,0.62376,1.8
0.4,0.7,1.2399,1.4106,0.37567,0.78224,1.154,1.3218,1.7508,0.12226,0.16348,0.61792,1.8
0.4,0.7,1.2399,1.4132,0.37594,0.78382,1.1557,1.3197,1.7492,0.12636,0.15425,0.6125,1.7999
0.4,0.7,1.2399,1.4161,0.3761,0.78533,1.1573,1.3176,1.7474,0.1304,0.14474,0.60634,1.8
0.4,0.7,1.24,1.4188,0.3763,0.78687,1.159,1.3155,1.7457,0.13451,0.13541,0.60059,1.8
0.4,0.7,1.24,1.4215,0.37657,0.78396,1.1607,1.3134,1.7441,0.13871,0.12619,0.59488,1.8
0.4,0.7,1.2398,1.424,0.37712,0.78571,1.1625,1.3115,1.7427,0.14322,0.11754,0.59008,1.7999
0.4,0.7,1.2397,1.4267,0.37775,0.78751,1.1644,1.3095,1.7412,0.14786,0.10895,0.58503,1.7999
0.4,0.7,1.2396,1.4294,0.37845,0.78936,1.1663,1.3076,1.7396,0.15264,0.10037,0.57967,1.8
0.4,0.7,1.2394,1.432,0.37928,0.79131,1.1684,1.3058,1.7383,0.15758,0.092199,0.57507,1.8
0.4,0.7,1.2392,1.4346,0.38019,0.78901,1.1704,1.304,1.7369,0.16266,0.084173,0.57055,1.8
0.4,0.7,1.2388,1.437,0.38121,0.79112,1.1725,1.3022,1.7358,0.16787,0.076477,0.5666,1.7999
0.4,0.7,1.2386,1.4397,0.38228,0.79328,1.1747,1.3005,1.7345,0.17324,0.068702,0.56206,1.8
0.4,0.7,1.2382,1.4422,0.38346,0.79553,1.1769,1.2988,1.7333,0.17876,0.06128,0.55811,1.8
0.4,0.7,1.2378,1.4447,0.38473,0.79372,1.1792,1.2972,1.7322,0.18445,0.054077,0.55436,1.8
0.4,0.7,1.2372,1.447,0.3861,0.79617,1.1816,1.2957,1.7313,0.19029,0.047254,0.55125,1.7999
0.4,0.7,1.2367,1.4496,0.38756,0.79871,1.1841,1.2941,1.7302,0.19637,0.040399,0.54756,1.8
0.4,0.7,1.236,1.452,0.38914,0.80137,1.1866,1.2927,1.7293,0.20266,0.034004,0.54458,1.8
0.4,0.7,1.2352,1.4542,0.39084,0.80018,1.1892,1.2914,1.7287,0.20915,0.028083,0.54233,1.7999
0.4,0.7,1.2343,1.4566,0.39267,0.80313,1.192,1.2901,1.728,0.21595,0.022338,0.5399,1.7999
0.4,0.7,1.2334,1.459,0.39467,0.80626,1.1949,1.2888,1.7273,0.22312,0.016945,0.53764,1.8
0.4,0.7,1.2322,1.4612,0.39685,0.80575,1.198,1.2878,1.7269,0.23063,0.012199,0.53621,1.8
0.4,0.7,1.2308,1.4632,0.39921,0.8093,1.2011,1.2869,1.7267,0.23851,0.0081635,0.53571,1.7999
0.4,0.7,1.2294,1.4654,0.40189,0.8132,1.2046,1.2861,1.7266,0.24711,0.0046558,0.53522,1.8
0.4,0.7,1.2275,1.4673,0.40487,0.81377,1.2084,1.2855,1.7268,0.25635,0.0022482,0.53603,1.8
0.4,0.7,1.2328,1.2881,0.36225,0.7572,1.1057,1.4258,1.8348,0.0029227,0.62646,0.9047,1.8
0.4,0.7,1.2332,1.292,0.3624,0.75911,1.1059,1.4226,1.8318,0.0034225,0.61229,0.89433,1.8
0.4,0.7,1.2336,1.2958,0.36257,0.755,1.1062,1.4195,1.8289,0.0041414,0.59843,0.88434,1.8
0.4,0.7,1.234,1.2995,0.36274,0.75689,1.1065,1.4164,1.826,0.0050227,0.58477,0.8745,1.8
0.4,0.7,1.2344,1.3032,0.36291,0.75875,1.107,1.4134,1.8232,0.0060833,0.57136,0.86489,1.8
0.4,0.7,1.2347,1.3069,0.36309,0.76059,1.1075,1.4105,1.8204,0.0073211,0.55819,0.8555,1.8
0.4,0.7,1.2351,1.3105,0.36326,0.7624,1.108,1.4075,1.8177,0.0087317,0.54524,0.84634,1.8
0.4,0.7,1.2354,1.314,0.36344,0.7584,1.1087,1.4047,1.8151,0.010309,0.53252,0.83738,1.8
0.4,0.7,1.2357,1.3175,0.36362,0.76017,1.1094,1.4019,1.8125,0.012046,0.52002,0.82863,1.8
0.4,0.7,1.236,1.3208,0.36386,0.76193,1.1102,1.3992,1.8101,0.014021,0.50788,0.82044,1.7999
0.4,0.7,1.2363,1.3243,0.36399,0.76365,1.111,1.3964,1.8076,0.015984,0.49563,0.81171,1.8
0.4,0.7,1.2366,1.3277,0.36417,0.76535,1.1118,1.3937,1.8052,0.018151,0.48369,0.80344,1.8
0.4,0.7,1.2369,1.331,0.36435,0.76144,1.1128,1.3911,1.8028,0.020475,0.47198,0.79543,1.8
0.4,0.7,1.2371,1.3341,0.36456,0.76311,1.1138,1.3885,1.8005,0.022944,0.46047,0.78767,1.8
0.4,0.7,1.2373,1.3373,0.36476,0.76476,1.1148,1.3859,1.7983,0.025517,0.44908,0.77997,1.8
0.4,0.7,1.2376,1.3405,0.36496,0.76639,1.1159,1.3834,1.7961,0.028206,0.43785,0.77243,1.8
0.4,0.7,1.2378,1.3436,0.36516,0.76801,1.1171,1.3809,1.7939,0.031003,0.42677,0.76502,1.8
0.4,0.7,1.238,1.3466,0.36535,0.7696,1.1182,1.3785,1.7917,0.033882,0.41578,0.75764,1.8
0.4,0.7,1.2382,1.3496,0.36558,0.7658,1.1194,1.376,1.7897,0.036885,0.40499,0.75057,1.8
0.4,0.7,1.2383,1.3525,0.36584,0.76739,1.1207,1.3737,1.7877,0.040022,0.39444,0.74388,1.7999
0.4,0.7,1.2386,1.3556,0.366,0.76894,1.122,1.3712,1.7856,0.043109,0.38367,0.73655,1.8
0.4,0.7,1.2387,1.3585,0.3662,0.7705,1.1233,1.3689,1.7836,0.046334,0.37317,0.72968,1.8
0.4,0.7,1.2389,1.3614,0.36641,0.77204,1.1246,1.3665,1.7816,0.049629,0.36275,0.7229,1.8
0.4,0.7,1.2391,1.3643,0.36662,0.76837,1.126,1.3642,1.7796,0.052987,0.35242,0.7162,1.8
0.4,0.7,1.2392,1.3672,0.36684,0.7699,1.1273,1.3619,1.7777,0.056401,0.34217,0.70958,1.8
0.4,0.7,1.2394,1.3701,0.36706,0.77144,1.1288,1.3596,1.7757,0.059876,0.33199,0.70303,1.8
0.4,0.7,1.2395,1.3729,0.36727,0.77296,1.1302,1.3574,1.7738,0.063404,0.32189,0.69654,1.8
0.4,0.7,1.2396,1.3757,0.36749,0.77447,1.1316,1.3551,1.772,0.06698,0.31185,0.69012,1.8
0.4,0.7,1.2398,1.3786,0.36769,0.77597,1.1331,1.3529,1.7701,0.07059,0.30184,0.68366,1.8
0.4,0.7,1.2399,1.3813,0.36792,0.77247,1.1346,1.3506,1.7683,0.074264,0.29195,0.67744,1.8
0.4,0.7,1.24,1.3841,0.36815,0.77398,1.1361,1.3484,1.7664,0.077966,0.28209,0.67118,1.8
0.4,0.7,1.2401,1.3869,0.36837,0.77549,1.1376,1.3462,1.7646,0.081709,0.27227,0.66497,1.8
0.4,0.7,1.2402,1.3896,0.36859,0.77699,1.1391,1.344,1.7628,0.085493,0.26251,0.65881,1.8
0.4,0.7,1.2403,1.3924,0.36882,0.77849,1.1407,1.3418,1.761,0.089316,0.25281,0.6527,1.8
0.4,0.7,1.2404,1.3951,0.36906,0.77515,1.1423,1.3397,1.7592,0.09318,0.24316,0.64665,1.8
0.4,0.7,1.2404,1.3979,0.3693,0.77667,1.1438,1.3375,1.7575,0.097076,0.23355,0.64063,1.8
0.4,0.7,1.2405,1.4005,0.3696,0.7782,1.1454,1.3354,1.7558,0.10104,0.22413,0.63504,1.7999
0.4,0.7,1.2406,1.4033,0.36978,0.77968,1.147,1.3332,1.754,0.10496,0.21445,0.62871,1.8
0.4,0.7,1.2407,1.4061,0.37002,0.78119,1.1486,1.3311,1.7522,0.10894,0.20496,0.62281,1.8
0.4,0.7,1.2407,1.4088,0.37025,0.78269,1.1503,1.329,1.7505,0.11295,0.19551,0.61693,1.8
0.4,0.7,1.2408,1.4115,0.37048,0.77952,1.1519,1.3268,1.7488,0.11698,0.18608,0.61109,1.8
0.4,0.7,1.2408,1.4141,0.37076,0.78106,1.1536,1.3248,1.7472,0.12107,0.17683,0.60565,1.7999
0.4,0.7,1.2409,1.4169,0.37093,0.78253,1.1552,1.3226,1.7454,0.12511,0.16731,0.59948,1.8
0.4,0.7,1.2408,1.4195,0.37121,0.78406,1.1569,1.3206,1.7438,0.12925,0.15813,0.59411,1.7999
0.4,0.7,1.241,1.4224,0.37138,0.78553,1.1585,1.3184,1.742,0.13335,0.14867,0.58793,1.8
0.4,0.7,1.241,1.425,0.37183,0.78266,1.1603,1.3164,1.7405,0.13772,0.13973,0.58261,1.8
0.4,0.7,1.2408,1.4275,0.37244,0.78439,1.1621,1.3145,1.7391,0.14225,0.13109,0.57777,1.7999
0.4,0.7,1.2408,1.4302,0.37311,0.78616,1.164,1.3126,1.7376,0.14689,0.12249,0.57271,1.7999
0.4,0.7,1.2407,1.4328,0.37386,0.78798,1.1659,1.3107,1.7361,0.15165,0.11405,0.56779,1.7999
0.4,0.7,1.2406,1.4355,0.37466,0.78984,1.1679,1.3088,1.7346,0.15653,0.10562,0.56263,1.8
0.4,0.7,1.2404,1.438,0.37559,0.78747,1.1699,1.307,1.7334,0.16151,0.097612,0.55839,1.7999
0.4,0.7,1.2402,1.4405,0.37657,0.78949,1.172,1.3052,1.7321,0.16661,0.089633,0.55392,1.7999
0.4,0.7,1.24,1.4431,0.37762,0.79157,1.1741,1.3034,1.7308,0.17184,0.08182,0.5496,1.7999
0.4,0.7,1.2397,1.4458,0.37874,0.7937,1.1763,1.3017,1.7295,0.17722,0.074048,0.54504,1.8
0.4,0.7,1.2394,1.4483,0.37995,0.79176,1.1785,1.3,1.7283,0.18272,0.066595,0.54106,1.8
0.4,0.7,1.2389,1.4507,0.38125,0.79408,1.1808,1.2984,1.7273,0.18834,0.05947,0.53767,1.7999
0.4,0.7,1.2385,1.4532,0.38263,0.79647,1.1832,1.2968,1.7263,0.19414,0.052431,0.53408,1.7999
0.4,0.7,1.2379,1.4556,0.3841,0.79897,1.1856,1.2953,1.7253,0.20014,0.045644,0.53074,1.7999
0.4,0.7,1.2373,1.458,0.38568,0.79758,1.1881,1.2938,1.7244,0.20633,0.039128,0.52764,1.7999
0.4,0.7,1.2367,1.4606,0.38737,0.80032,1.1907,1.2924,1.7234,0.21278,0.032759,0.5244,1.8
0.4,0.7,1.2359,1.4628,0.38918,0.80318,1.1934,1.2911,1.7228,0.2194,0.026975,0.52222,1.7999
0.4,0.7,1.2351,1.4653,0.39115,0.8058,1.1963,1.2898,1.722,0.22643,0.02135,0.51967,1.8
0.4,0.7,1.234,1.4675,0.39327,0.8056,1.1992,1.2887,1.7216,0.23372,0.01635,0.51808,1.8
0.4,0.7,1.2327,1.4696,0.39555,0.80901,1.2023,1.2877,1.7213,0.24133,0.011956,0.51723,1.7999
0.4,0.7,1.2314,1.4719,0.39814,0.81276,1.2057,1.2868,1.721,0.24965,0.007998,0.51624,1.8
0.4,0.7,1.2297,1.4736,0.40092,0.81305,1.2092,1.2862,1.7212,0.25829,0.0051345,0.51695,1.7999
0.4,0.7,1.2323,1.2985,0.35744,0.75587,1.1066,1.4231,1.826,0.0051289,0.61459,0.87448,1.8
0.4,0.7,1.2328,1.3024,0.3576,0.75774,1.1068,1.42,1.823,0.0057467,0.60057,0.86425,1.8
0.4,0.7,1.2333,1.3062,0.35778,0.75958,1.1072,1.4169,1.8201,0.0065979,0.58689,0.85443,1.8
0.4,0.7,1.2337,1.31,0.35795,0.76139,1.1076,1.4139,1.8173,0.0076242,0.57343,0.84478,1.8
0.4,0.7,1.2341,1.3137,0.35811,0.76246,1.1081,1.4109,1.8145,0.0088209,0.56019,0.83527,1.8
0.4,0.7,1.2345,1.3173,0.3583,0.75912,1.1086,1.408,1.8118,0.010237,0.54726,0.82618,1.8
0.4,0.7,1.2349,1.3209,0.35848,0.76087,1.1093,1.4051,1.8092,0.011817,0.53455,0.81723,1.8
0.4,0.7,1.2352,1.3244,0.35867,0.76259,1.11,1.4023,1.8066,0.013572,0.52207,0.8085,1.8
0.4,0.7,1.2356,1.3278,0.35886,0.76428,1.1108,1.3996,1.8041,0.015497,0.50982,0.79998,1.8
0.4,0.7,1.2359,1.3312,0.35904,0.76594,1.1116,1.3969,1.8017,0.017567,0.49775,0.79158,1.8
0.4,0.7,1.2362,1.3345,0.35925,0.76198,1.1125,1.3942,1.7993,0.019824,0.48595,0.78356,1.8
0.4,0.7,1.2365,1.3378,0.35945,0.76361,1.1135,1.3916,1.797,0.022208,0.47432,0.77563,1.8
0.4,0.7,1.2368,1.341,0.35965,0.76522,1.1145,1.389,1.7947,0.024729,0.46286,0.76787,1.8
0.4,0.7,1.2371,1.3441,0.35986,0.7668,1.1156,1.3865,1.7925,0.027378,0.45158,0.76027,1.8
0.4,0.7,1.2374,1.3472,0.36006,0.76836,1.1167,1.384,1.7903,0.030148,0.44046,0.75283,1.8
0.4,0.7,1.2376,1.3503,0.36027,0.76449,1.1179,1.3815,1.7882,0.033025,0.42949,0.74552,1.8
0.4,0.7,1.2379,1.3533,0.36048,0.76604,1.1191,1.3791,1.7861,0.036003,0.41865,0.73834,1.8
0.4,0.7,1.2381,1.3563,0.3607,0.76756,1.1203,1.3767,1.784,0.039074,0.40793,0.73128,1.8
0.4,0.7,1.2383,1.3593,0.36092,0.76908,1.1216,1.3743,1.782,0.042236,0.39734,0.72433,1.8
0.4,0.7,1.2386,1.3622,0.36114,0.77058,1.1229,1.372,1.78,0.045477,0.38685,0.71748,1.8
0.4,0.7,1.2388,1.3652,0.36134,0.77051,1.1243,1.3696,1.778,0.04878,0.37643,0.71064,1.8
0.4,0.7,1.239,1.368,0.36158,0.76833,1.1256,1.3673,1.776,0.052168,0.36616,0.70406,1.8
0.4,0.7,1.2392,1.3709,0.3618,0.76981,1.127,1.365,1.7741,0.055607,0.35594,0.69746,1.8
0.4,0.7,1.2394,1.3737,0.36203,0.77128,1.1284,1.3627,1.7722,0.059102,0.34579,0.69094,1.8
0.4,0.7,1.2395,1.3765,0.36225,0.77275,1.1299,1.3605,1.7703,0.062651,0.33572,0.68448,1.8
0.4,0.7,1.2397,1.3794,0.36246,0.77421,1.1313,1.3582,1.7684,0.066241,0.32568,0.67801,1.8
0.4,0.7,1.2399,1.3821,0.36269,0.77062,1.1328,1.356,1.7666,0.069891,0.31576,0.67175,1.8
0.4,0.7,1.24,1.3849,0.36291,0.77208,1.1343,1.3538,1.7647,0.073573,0.30587,0.66546,1.8
0.4,0.7,1.2401,1.3875,0.36319,0.77356,1.1358,1.3516,1.763,0.077331,0.29616,0.65961,1.7999
0.4,0.7,1.2403,1.3904,0.36337,0.77499,1.1373,1.3494,1.7611,0.081061,0.28624,0.65304,1.8
0.4,0.7,1.2405,1.3932,0.36359,0.77644,1.1389,1.3472,1.7593,0.084863,0.27651,0.64691,1.8
0.4,0.7,1.2406,1.3959,0.36382,0.77789,1.1404,1.345,1.7575,0.088703,0.26682,0.64082,1.8
0.4,0.7,1.2406,1.3985,0.36412,0.7745,1.142,1.3429,1.7559,0.092607,0.25732,0.63516,1.7999
0.4,0.7,1.2408,1.4012,0.36437,0.77597,1.1436,1.3407,1.7541,0.096516,0.24773,0.62916,1.7999
0.4,0.7,1.2409,1.4039,0.36462,0.77743,1.1452,1.3386,1.7524,0.10046,0.23819,0.6232,1.7999
0.4,0.7,1.241,1.4066,0.36486,0.77889,1.1468,1.3364,1.7506,0.10442,0.22868,0.61728,1.7999
0.4,0.7,1.2412,1.4095,0.36505,0.78031,1.1484,1.3343,1.7488,0.1084,0.21907,0.61101,1.8
0.4,0.7,1.2413,1.4122,0.36527,0.77707,1.15,1.3321,1.7471,0.11241,0.2096,0.60507,1.8
0.4,0.7,1.2413,1.4148,0.36558,0.77857,1.1517,1.3301,1.7455,0.11648,0.20035,0.5997,1.7999
0.4,0.7,1.2414,1.4175,0.36582,0.78003,1.1533,1.3279,1.7438,0.12055,0.19097,0.59391,1.7999
0.4,0.7,1.2415,1.4203,0.36599,0.78145,1.155,1.3258,1.742,0.12462,0.18146,0.58766,1.8
0.4,0.7,1.2415,1.4228,0.36629,0.78295,1.1567,1.3238,1.7404,0.12876,0.17233,0.58242,1.7999
0.4,0.7,1.2416,1.4256,0.36667,0.78447,1.1584,1.3217,1.7387,0.13306,0.16314,0.57654,1.8
0.4,0.7,1.2416,1.4282,0.36726,0.7816,1.1602,1.3197,1.7372,0.13749,0.15438,0.5716,1.7999
0.4,0.7,1.2416,1.4308,0.36789,0.78328,1.162,1.3178,1.7357,0.14202,0.14563,0.56639,1.7999
0.4,0.7,1.2416,1.4334,0.36859,0.78501,1.1639,1.3158,1.7342,0.14664,0.137,0.56131,1.7999
0.4,0.7,1.2416,1.4362,0.36934,0.78676,1.1658,1.3139,1.7327,0.15137,0.12838,0.55594,1.8
0.4,0.7,1.2416,1.4388,0.37017,0.78858,1.1678,1.312,1.7312,0.1562,0.11998,0.551,1.8
0.4,0.7,1.2414,1.4413,0.37111,0.78614,1.1698,1.3102,1.73,0.16108,0.11189,0.54677,1.7999
0.4,0.7,1.2413,1.4439,0.37208,0.78808,1.1718,1.3084,1.7286,0.16609,0.10377,0.54216,1.7999
0.4,0.7,1.2411,1.4464,0.37311,0.79007,1.1739,1.3066,1.7273,0.1712,0.095798,0.53769,1.7999
0.4,0.7,1.241,1.4491,0.37418,0.79211,1.176,1.3048,1.7259,0.17645,0.087848,0.53295,1.8
0.4,0.7,1.2407,1.4517,0.37535,0.79005,1.1782,1.3031,1.7247,0.18178,0.080175,0.52877,1.8
0.4,0.7,1.2404,1.4541,0.37659,0.79225,1.1804,1.3014,1.7236,0.18721,0.072792,0.52514,1.7999
0.4,0.7,1.24,1.4566,0.3779,0.79452,1.1826,1.2998,1.7225,0.1928,0.065471,0.52129,1.7999
0.4,0.7,1.2397,1.4592,0.37929,0.79687,1.185,1.2981,1.7213,0.1986,0.058233,0.51722,1.8
0.4,0.7,1.2392,1.4616,0.38077,0.79531,1.1874,1.2966,1.7204,0.20447,0.051474,0.51419,1.7999
0.4,0.7,1.2386,1.464,0.38235,0.79787,1.1898,1.2951,1.7195,0.21058,0.04479,0.51086,1.7999
0.4,0.7,1.2381,1.4666,0.38402,0.80054,1.1924,1.2936,1.7185,0.21692,0.038315,0.50759,1.8
0.4,0.7,1.2374,1.469,0.38581,0.80333,1.1951,1.2923,1.7177,0.22348,0.032221,0.50482,1.8
0.4,0.7,1.2365,1.4712,0.38773,0.80242,1.1978,1.291,1.7171,0.23021,0.026657,0.50292,1.7999
0.4,0.7,1.2355,1.4735,0.3898,0.80553,1.2007,1.2898,1.7166,0.2373,0.021359,0.50098,1.7999
0.4,0.7,1.2345,1.4759,0.39206,0.80887,1.2037,1.2887,1.716,0.24486,0.016416,0.49908,1.8
0.4,0.7,1.2332,1.4778,0.39448,0.80869,1.2069,1.2878,1.7159,0.25261,0.012374,0.49872,1.7999
0.4,0.7,1.2317,1.48,0.39718,0.81254,1.2103,1.287,1.7158,0.26106,0.0088321,0.49837,1.7999
0.4,0.7,1.2322,1.3128,0.3528,0.76244,1.108,1.4176,1.8144,0.0087685,0.58979,0.83506,1.8
0.4,0.7,1.2327,1.3166,0.35299,0.75836,1.1085,1.4145,1.8116,0.0097756,0.57632,0.82544,1.8
0.4,0.7,1.2331,1.3202,0.35323,0.7601,1.109,1.4116,1.8089,0.01104,0.56321,0.81636,1.7999
0.4,0.7,1.2336,1.324,0.35335,0.76183,1.1095,1.4086,1.8061,0.01235,0.55009,0.80673,1.8
0.4,0.7,1.2341,1.3276,0.35354,0.76351,1.1102,1.4058,1.8035,0.013959,0.53743,0.79788,1.8
0.4,0.7,1.2345,1.3311,0.35372,0.76517,1.1109,1.403,1.801,0.015731,0.52496,0.78911,1.8
0.4,0.7,1.2349,1.3345,0.35392,0.76116,1.1117,1.4003,1.7985,0.01771,0.51279,0.78072,1.8
0.4,0.7,1.2352,1.3378,0.35417,0.76278,1.1126,1.3976,1.7962,0.019911,0.50096,0.77285,1.7999
0.4,0.7,1.2356,1.3411,0.35438,0.76437,1.1135,1.395,1.7938,0.022215,0.48922,0.76482,1.7999
0.4,0.7,1.2359,1.3444,0.35454,0.76592,1.1145,1.3923,1.7914,0.024619,0.47755,0.75662,1.8
0.4,0.7,1.2363,1.3476,0.35475,0.76746,1.1155,1.3898,1.7892,0.027228,0.46622,0.74897,1.8
0.4,0.7,1.2366,1.3508,0.35494,0.76352,1.1166,1.3873,1.787,0.029959,0.45503,0.7414,1.8
0.4,0.7,1.2369,1.3537,0.35524,0.76504,1.1178,1.3848,1.785,0.032886,0.44421,0.73455,1.7999
0.4,0.7,1.2372,1.3567,0.35546,0.76653,1.119,1.3824,1.7829,0.03586,0.43337,0.72736,1.7999
0.4,0.7,1.2375,1.3599,0.35563,0.76799,1.1203,1.38,1.7807,0.038892,0.42253,0.71994,1.8
0.4,0.7,1.2378,1.3628,0.35585,0.76945,1.1215,1.3776,1.7787,0.042066,0.41195,0.71301,1.8
0.4,0.7,1.238,1.3657,0.35607,0.77089,1.1229,1.3752,1.7767,0.045325,0.40149,0.70618,1.8
0.4,0.7,1.2383,1.3686,0.3563,0.76707,1.1242,1.3729,1.7747,0.048658,0.39112,0.69945,1.8
0.4,0.7,1.2385,1.3714,0.35659,0.76852,1.1256,1.3706,1.7729,0.052093,0.38098,0.69319,1.7999
0.4,0.7,1.2387,1.3742,0.35682,0.76994,1.127,1.3684,1.7709,0.055555,0.37079,0.68663,1.7999
0.4,0.7,1.239,1.3771,0.35699,0.77134,1.1284,1.3661,1.7689,0.059046,0.36056,0.67976,1.8
0.4,0.7,1.2392,1.3798,0.35728,0.77277,1.1299,1.3638,1.7672,0.062654,0.35065,0.67372,1.7999
0.4,0.7,1.2395,1.3828,0.35744,0.76972,1.1313,1.3616,1.7652,0.066248,0.34053,0.66689,1.8
0.4,0.7,1.2396,1.3854,0.35775,0.77051,1.1328,1.3594,1.7635,0.069947,0.33077,0.66106,1.7999
0.4,0.7,1.2398,1.3881,0.35798,0.77192,1.1343,1.3571,1.7616,0.073655,0.32091,0.65481,1.7999
0.4,0.7,1.24,1.3909,0.35821,0.77332,1.1359,1.3549,1.7598,0.077403,0.31111,0.64861,1.7999
0.4,0.7,1.2402,1.3936,0.35844,0.77472,1.1374,1.3527,1.758,0.081188,0.30135,0.64245,1.7999
0.4,0.7,1.2404,1.3965,0.35862,0.7761,1.1389,1.3505,1.7561,0.08499,0.29152,0.63596,1.8
0.4,0.7,1.2406,1.3992,0.35885,0.7726,1.1405,1.3484,1.7543,0.088843,0.28185,0.62989,1.8
0.4,0.7,1.2407,1.4018,0.35914,0.77402,1.1421,1.3462,1.7527,0.092738,0.27234,0.62424,1.7999
0.4,0.7,1.2409,1.4046,0.35932,0.7754,1.1437,1.344,1.7508,0.096642,0.26262,0.61778,1.8
0.4,0.7,1.241,1.4072,0.35965,0.77684,1.1453,1.3419,1.7492,0.10061,0.25324,0.61231,1.7999
0.4,0.7,1.2412,1.41,0.35984,0.77822,1.1469,1.3398,1.7473,0.10459,0.24363,0.60603,1.8
0.4,0.7,1.2413,1.4127,0.36008,0.77962,1.1485,1.3377,1.7456,0.1086,0.23415,0.60007,1.8
0.4,0.7,1.2414,1.4152,0.3604,0.77635,1.1501,1.3356,1.744,0.11264,0.22487,0.5947,1.7999
0.4,0.7,1.2412,1.4173,0.36095,0.77788,1.1518,1.3336,1.7429,0.11674,0.21608,0.59081,1.7996
0.4,0.7,1.2417,1.4207,0.36084,0.77915,1.1534,1.3313,1.7405,0.12076,0.20599,0.58271,1.8
0.4,0.7,1.2418,1.4233,0.36119,0.7806,1.1551,1.3293,1.7389,0.1249,0.19683,0.57739,1.7999
0.4,0.7,1.2419,1.4261,0.36159,0.78209,1.1568,1.3272,1.7372,0.12918,0.18762,0.57148,1.8
0.4,0.7,1.2421,1.4287,0.36213,0.78357,1.1586,1.3252,1.7356,0.13356,0.17863,0.56598,1.8
0.4,0.7,1.2421,1.4312,0.3628,0.78073,1.1604,1.3232,1.7342,0.13799,0.1699,0.56115,1.7999
0.4,0.7,1.2421,1.4339,0.36348,0.78238,1.1622,1.3212,1.7327,0.14251,0.16113,0.55593,1.7999
0.4,0.7,1.2422,1.4365,0.36422,0.78406,1.1641,1.3193,1.7312,0.14711,0.15247,0.55081,1.7999
0.4,0.7,1.2423,1.4393,0.36499,0.78577,1.166,1.3174,1.7296,0.15181,0.1438,0.54538,1.8
0.4,0.7,1.2422,1.4418,0.36586,0.78318,1.1679,1.3155,1.7282,0.15653,0.13545,0.54085,1.7999
0.4,0.7,1.2422,1.4444,0.36677,0.78501,1.1699,1.3136,1.7268,0.16136,0.1271,0.53602,1.7999
0.4,0.7,1.2421,1.447,0.36772,0.78687,1.1719,1.3117,1.7254,0.16626,0.11885,0.53129,1.7999
0.4,0.7,1.242,1.4496,0.36874,0.78878,1.1739,1.3099,1.7241,0.17125,0.11072,0.52671,1.7999
0.4,0.7,1.242,1.4523,0.36978,0.79074,1.176,1.3081,1.7227,0.17639,0.10262,0.52178,1.8
0.4,0.7,1.2417,1.4547,0.37092,0.78858,1.1781,1.3064,1.7215,0.18154,0.094861,0.51781,1.7999
0.4,0.7,1.2415,1.4573,0.37211,0.79067,1.1802,1.3046,1.7203,0.18684,0.087134,0.51357,1.7999
0.4,0.7,1.2413,1.4598,0.37337,0.79282,1.1824,1.3029,1.7191,0.19226,0.079572,0.50949,1.7999
0.4,0.7,1.2411,1.4625,0.37468,0.79505,1.1847,1.3012,1.7178,0.19785,0.072069,0.50516,1.8
0.4,0.7,1.2406,1.4649,0.37609,0.79333,1.187,1.2996,1.7168,0.20348,0.064984,0.50183,1.7999
0.4,0.7,1.2403,1.4675,0.37757,0.79574,1.1893,1.298,1.7157,0.20937,0.057858,0.49786,1.8
0.4,0.7,1.2398,1.4699,0.37913,0.79823,1.1918,1.2965,1.7148,0.21533,0.051173,0.49483,1.7999
0.4,0.7,1.2393,1.4724,0.38079,0.80083,1.1943,1.2951,1.7138,0.22158,0.044562,0.49142,1.8
0.4,0.7,1.2386,1.4747,0.38256,0.79969,1.1969,1.2937,1.713,0.22793,0.038426,0.48892,1.7999
0.4,0.7,1.2379,1.4771,0.38445,0.80256,1.1996,1.2923,1.7123,0.23457,0.032523,0.48641,1.7999
0.4,0.7,1.2371,1.4796,0.38648,0.80558,1.2024,1.2911,1.7116,0.24157,0.026883,0.48389,1.8
0.4,0.7,1.236,1.4817,0.38865,0.80506,1.2053,1.29,1.7112,0.24874,0.021895,0.4825,1.7999
0.4,0.7,1.2349,1.4839,0.39102,0.80848,1.2084,1.2889,1.7108,0.25637,0.017327,0.48126,1.7999
0.4,0.7,1.2336,1.4862,0.39364,0.8122,1.2117,1.288,1.7105,0.26459,0.013284,0.48023,1.8
0.4,0.7,1.232,1.3269,0.34823,0.76304,1.1101,1.4124,1.8034,0.013723,0.56678,0.79743,1.8
0.4,0.7,1.2338,1.341,0.34906,0.76383,1.1129,1.4012,1.7932,0.020651,0.51679,0.76269,1.7999
0.4,0.7,1.2342,1.3443,0.34927,0.76538,1.1138,1.3985,1.7908,0.022865,0.50493,0.75454,1.7999
0.4,0.7,1.2347,1.3477,0.34942,0.76689,1.1147,1.3959,1.7884,0.02521,0.49318,0.74626,1.8
0.4,0.7,1.2351,1.351,0.34962,0.76838,1.1157,1.3933,1.7861,0.027766,0.48176,0.73848,1.8
0.4,0.7,1.2354,1.354,0.34991,0.76437,1.1169,1.3908,1.7841,0.030532,0.47072,0.73142,1.7999
0.4,0.7,1.2358,1.3571,0.35014,0.76582,1.118,1.3883,1.7819,0.033382,0.45971,0.72408,1.7999
0.4,0.7,1.2361,1.3601,0.35037,0.76725,1.1192,1.3859,1.7798,0.03636,0.44888,0.71691,1.7999
0.4,0.7,1.2365,1.3632,0.35054,0.76866,1.1205,1.3835,1.7776,0.03942,0.43807,0.7095,1.8
0.4,0.7,1.2368,1.3661,0.35077,0.77005,1.1218,1.3811,1.7756,0.042618,0.42753,0.7026,1.8
0.4,0.7,1.2371,1.369,0.35101,0.76615,1.1231,1.3788,1.7736,0.045905,0.4171,0.69581,1.8
0.4,0.7,1.2374,1.3718,0.35131,0.76754,1.1245,1.3765,1.7718,0.049291,0.4069,0.6895,1.7999
0.4,0.7,1.2377,1.3746,0.35155,0.76891,1.1259,1.3742,1.7699,0.052724,0.39667,0.6829,1.7999
0.4,0.7,1.238,1.3774,0.35179,0.77028,1.1273,1.3719,1.7679,0.056221,0.38653,0.67638,1.7999
0.4,0.7,1.2382,1.3802,0.35203,0.77163,1.1287,1.3696,1.7661,0.059778,0.37647,0.66994,1.7999
0.4,0.7,1.2386,1.3831,0.35221,0.77297,1.1302,1.3674,1.7641,0.063375,0.36637,0.66319,1.8
0.4,0.7,1.2388,1.3858,0.35251,0.76923,1.1317,1.3652,1.7623,0.067041,0.35655,0.65725,1.7999
0.4,0.7,1.239,1.3885,0.35275,0.77059,1.1332,1.3629,1.7605,0.070736,0.34667,0.65098,1.7999
0.4,0.7,1.2393,1.3913,0.35299,0.77193,1.1347,1.3607,1.7587,0.074472,0.33685,0.64476,1.7999
0.4,0.7,1.2395,1.394,0.35323,0.77328,1.1362,1.3585,1.7569,0.078246,0.32708,0.63859,1.7999
0.4,0.7,1.2398,1.3969,0.3534,0.7746,1.1377,1.3563,1.7549,0.082052,0.31722,0.632,1.8
0.4,0.7,1.24,1.3996,0.35363,0.77593,1.1393,1.3541,1.7532,0.085898,0.30755,0.62591,1.8
0.4,0.7,1.2401,1.4021,0.35395,0.77239,1.1409,1.352,1.7515,0.089768,0.29804,0.62034,1.7999
0.4,0.7,1.2403,1.4048,0.35419,0.77374,1.1425,1.3498,1.7498,0.093666,0.28843,0.61433,1.7999
0.4,0.7,1.2405,1.4075,0.35444,0.77509,1.144,1.3477,1.748,0.097594,0.27887,0.60836,1.7999
0.4,0.7,1.2408,1.4103,0.35464,0.77642,1.1457,1.3455,1.7462,0.10156,0.26925,0.60204,1.8
0.4,0.7,1.241,1.413,0.3549,0.77777,1.1473,1.3434,1.7444,0.10556,0.25978,0.59615,1.8
0.4,0.7,1.2412,1.4156,0.35516,0.77439,1.1489,1.3413,1.7427,0.10958,0.25033,0.59029,1.8
0.4,0.7,1.2413,1.4182,0.35548,0.77577,1.1505,1.3392,1.7411,0.11361,0.24102,0.58484,1.7999
0.4,0.7,1.2415,1.4208,0.35575,0.77714,1.1522,1.3371,1.7394,0.11767,0.23164,0.57905,1.7999
0.4,0.7,1.2416,1.4235,0.35616,0.77856,1.1539,1.335,1.7378,0.12184,0.22241,0.57339,1.7999
0.4,0.7,1.2419,1.4263,0.35661,0.78001,1.1556,1.3329,1.736,0.12612,0.21315,0.56734,1.8
0.4,0.7,1.242,1.4289,0.35719,0.78151,1.1573,1.3309,1.7344,0.13043,0.20414,0.56196,1.8
0.4,0.7,1.2421,1.4314,0.35785,0.7785,1.1591,1.3289,1.733,0.13478,0.19527,0.55694,1.7999
0.4,0.7,1.2422,1.4341,0.35852,0.78007,1.1609,1.3269,1.7314,0.13921,0.18638,0.55161,1.7999
0.4,0.7,1.2424,1.4367,0.35924,0.78168,1.1627,1.3249,1.7299,0.1437,0.17758,0.54635,1.7999
0.4,0.7,1.2425,1.4394,0.36001,0.78331,1.1646,1.323,1.7283,0.14825,0.16885,0.54117,1.7999
0.4,0.7,1.2426,1.4422,0.36079,0.78497,1.1665,1.321,1.7267,0.15291,0.16012,0.53568,1.8
0.4,0.7,1.2426,1.4447,0.36166,0.7823,1.1683,1.3191,1.7253,0.15756,0.15164,0.53095,1.7999
0.4,0.7,1.2427,1.4474,0.36255,0.78406,1.1703,1.3172,1.7238,0.16233,0.14309,0.52571,1.8
0.4,0.7,1.2427,1.4499,0.36352,0.78586,1.1722,1.3153,1.7225,0.16711,0.13482,0.52126,1.7999
0.4,0.7,1.2427,1.4527,0.36449,0.78769,1.1742,1.3135,1.721,0.17204,0.12645,0.51611,1.8
0.4,0.7,1.2427,1.4553,0.36553,0.78956,1.1762,1.3116,1.7196,0.17703,0.11828,0.51139,1.8
0.4,0.7,1.2425,1.4577,0.36664,0.7873,1.1783,1.3098,1.7184,0.18203,0.11035,0.50733,1.7999
0.4,0.7,1.2424,1.4603,0.36779,0.7893,1.1803,1.3081,1.7171,0.18718,0.10243,0.50291,1.7999
0.4,0.7,1.2423,1.4629,0.369,0.79136,1.1825,1.3063,1.7159,0.19244,0.094655,0.49862,1.7999
0.4,0.7,1.2422,1.4656,0.37026,0.79347,1.1847,1.3046,1.7145,0.19786,0.086918,0.49407,1.8
0.4,0.7,1.2418,1.468,0.3716,0.79161,1.1869,1.3029,1.7135,0.20328,0.079548,0.49047,1.7999
0.4,0.7,1.2415,1.4705,0.373,0.79388,1.1891,1.3013,1.7124,0.20889,0.072242,0.48663,1.7999
0.4,0.7,1.2412,1.473,0.37447,0.79622,1.1915,1.2997,1.7113,0.21466,0.065104,0.48288,1.7999
0.4,0.7,1.2409,1.4756,0.37602,0.79866,1.1939,1.2981,1.7102,0.22062,0.058123,0.47911,1.8
0.4,0.7,1.2404,1.4781,0.37767,0.79733,1.1964,1.2966,1.7092,0.22672,0.051463,0.47588,1.8
0.4,0.7,1.2398,1.4804,0.37942,0.79998,1.1989,1.2952,1.7084,0.23294,0.04515,0.47321,1.7999
0.4,0.7,1.2392,1.4829,0.38128,0.80277,1.2016,1.2938,1.7075,0.23951,0.038967,0.47019,1.8
0.4,0.7,1.2384,1.4853,0.38325,0.80197,1.2043,1.2925,1.7068,0.24627,0.033203,0.46781,1.8
0.4,0.7,1.2371,1.4868,0.38528,0.80493,1.2069,1.2914,1.7069,0.25275,0.028416,0.46792,1.7995
0.4,0.7,1.2364,1.4898,0.38766,0.80835,1.2101,1.2902,1.7059,0.26064,0.023052,0.4646,1.7999
0.4,0.7,1.2353,1.4922,0.39019,0.80836,1.2133,1.2892,1.7055,0.2686,0.018604,0.46313,1.8
0.4,0.7,1.2326,1.3476,0.34408,0.76667,1.1143,1.4022,1.788,0.02418,0.52146,0.74473,1.8
0.4,0.7,1.2335,1.354,0.34458,0.76405,1.1163,1.397,1.7835,0.029067,0.49843,0.72941,1.7999
0.4,0.7,1.2339,1.3572,0.34476,0.76551,1.1173,1.3945,1.7812,0.031724,0.48709,0.7215,1.8
0.4,0.7,1.2343,1.3602,0.34505,0.76686,1.1185,1.392,1.7791,0.034606,0.4762,0.71454,1.7999
0.4,0.7,1.2347,1.3632,0.34529,0.76822,1.1197,1.3896,1.777,0.0376,0.46538,0.70739,1.7999
0.4,0.7,1.2351,1.3663,0.34546,0.76957,1.121,1.3872,1.7749,0.0407,0.45463,0.70002,1.8
0.4,0.7,1.2355,1.3692,0.3457,0.76557,1.1223,1.3848,1.7729,0.043934,0.44413,0.69316,1.8
0.4,0.7,1.2358,1.372,0.34601,0.7669,1.1236,1.3825,1.771,0.047266,0.43386,0.6868,1.7999
0.4,0.7,1.2362,1.3748,0.34626,0.76822,1.125,1.3802,1.769,0.050668,0.42359,0.68016,1.7999
0.4,0.7,1.2365,1.3776,0.34651,0.76953,1.1264,1.3779,1.7671,0.054142,0.41342,0.67361,1.7999
0.4,0.7,1.2369,1.3804,0.34676,0.77082,1.1279,1.3757,1.7652,0.057683,0.40334,0.66715,1.7999
0.4,0.7,1.2372,1.3833,0.34695,0.77211,1.1293,1.3734,1.7633,0.061284,0.39324,0.66039,1.8
0.4,0.7,1.2375,1.3861,0.3472,0.76826,1.1308,1.3712,1.7614,0.064933,0.3833,0.65406,1.8
0.4,0.7,1.2378,1.3887,0.34752,0.76957,1.1323,1.369,1.7597,0.068615,0.37351,0.64816,1.7999
0.4,0.7,1.2381,1.3914,0.34777,0.77086,1.1338,1.3668,1.7579,0.072343,0.36368,0.64193,1.7999
0.4,0.7,1.2384,1.3941,0.34803,0.77215,1.1353,1.3646,1.756,0.076111,0.3539,0.63576,1.7999
0.4,0.7,1.2387,1.3968,0.34827,0.77343,1.1369,1.3624,1.7542,0.079914,0.34417,0.62963,1.7999
0.4,0.7,1.239,1.3997,0.34844,0.7747,1.1384,1.3602,1.7523,0.083769,0.33437,0.62306,1.8
0.4,0.7,1.2392,1.4022,0.34877,0.77106,1.14,1.358,1.7507,0.087609,0.32482,0.61748,1.7999
0.4,0.7,1.2394,1.4049,0.34902,0.77235,1.1416,1.3559,1.7489,0.091495,0.3152,0.61145,1.7999
0.4,0.7,1.2397,1.4075,0.34927,0.77364,1.1432,1.3537,1.7472,0.095408,0.30562,0.60546,1.7999
0.4,0.7,1.2399,1.4102,0.34952,0.77494,1.1448,1.3516,1.7454,0.099349,0.29607,0.5995,1.7999
0.4,0.7,1.2402,1.413,0.34971,0.77622,1.1464,1.3494,1.7436,0.10334,0.28648,0.59319,1.8
0.4,0.7,1.2409,1.4208,0.35077,0.77544,1.1513,1.3431,1.7386,0.11544,0.25834,0.5761,1.7999
0.4,0.7,1.2411,1.4235,0.35127,0.77684,1.153,1.341,1.7369,0.1196,0.24908,0.57042,1.7999
0.4,0.7,1.2413,1.4261,0.35182,0.77825,1.1547,1.3389,1.7353,0.1238,0.23989,0.5648,1.7999
0.4,0.7,1.2416,1.4289,0.35237,0.77968,1.1564,1.3369,1.7335,0.1281,0.23069,0.55886,1.8
0.4,0.7,1.2419,1.4316,0.35299,0.77939,1.1582,1.3348,1.7319,0.13242,0.22161,0.55326,1.8
0.4,0.7,1.2421,1.4343,0.35367,0.77807,1.1599,1.3328,1.7303,0.13676,0.21263,0.54791,1.8
0.4,0.7,1.2423,1.4369,0.35438,0.77959,1.1617,1.3308,1.7287,0.14116,0.20367,0.54245,1.8
0.4,0.7,1.2425,1.4396,0.35512,0.78115,1.1635,1.3288,1.7272,0.14561,0.1948,0.53713,1.8
0.4,0.7,1.2426,1.4421,0.35593,0.78274,1.1653,1.3268,1.7257,0.15006,0.18608,0.53225,1.7999
0.4,0.7,1.2428,1.4449,0.35672,0.78434,1.1672,1.3249,1.7241,0.15466,0.17727,0.52669,1.8
0.4,0.7,1.2429,1.4475,0.35759,0.7816,1.169,1.3229,1.7226,0.15925,0.16862,0.52165,1.8
0.4,0.7,1.2429,1.45,0.35851,0.7833,1.1709,1.321,1.7213,0.16385,0.16013,0.517,1.7999
0.4,0.7,1.243,1.4526,0.35944,0.78502,1.1728,1.3191,1.7198,0.16857,0.15163,0.51203,1.7999
0.4,0.7,1.2431,1.4554,0.3604,0.78678,1.1748,1.3172,1.7183,0.17342,0.14314,0.50675,1.8
0.4,0.7,1.2432,1.458,0.36142,0.78436,1.1767,1.3153,1.7169,0.17829,0.13484,0.50197,1.8
0.4,0.7,1.2431,1.4605,0.36251,0.78623,1.1787,1.3135,1.7156,0.18317,0.12672,0.49768,1.7999
0.4,0.7,1.2431,1.4631,0.36363,0.78813,1.1808,1.3117,1.7143,0.18818,0.11862,0.49309,1.7999
0.4,0.7,1.243,1.4657,0.36479,0.79009,1.1828,1.3099,1.7129,0.19329,0.11064,0.48861,1.7999
0.4,0.7,1.243,1.4684,0.366,0.7921,1.185,1.3081,1.7115,0.19858,0.10268,0.48377,1.8
0.4,0.7,1.2428,1.4708,0.36728,0.79012,1.1871,1.3064,1.7104,0.2038,0.095081,0.48003,1.7999
0.4,0.7,1.2426,1.4734,0.36861,0.79226,1.1893,1.3047,1.7092,0.20921,0.087516,0.47595,1.7999
0.4,0.7,1.2424,1.4761,0.37001,0.79448,1.1915,1.303,1.708,0.21483,0.080016,0.4716,1.8
0.4,0.7,1.2421,1.4786,0.37147,0.79676,1.1939,1.3014,1.7069,0.22051,0.072803,0.46785,1.8
0.4,0.7,1.2417,1.481,0.37302,0.79525,1.1962,1.2998,1.7059,0.22627,0.06586,0.46459,1.7999
0.4,0.7,1.2413,1.4836,0.37465,0.79774,1.1986,1.2983,1.7048,0.23232,0.058979,0.46091,1.8
0.4,0.7,1.2409,1.4861,0.37637,0.80032,1.2011,1.2968,1.7039,0.23851,0.052403,0.45769,1.8
0.4,0.7,1.2403,1.4885,0.37819,0.79929,1.2037,1.2954,1.703,0.24489,0.046124,0.45482,1.8
0.4,0.7,1.2395,1.4907,0.38012,0.80212,1.2064,1.2941,1.7024,0.25138,0.040261,0.45266,1.7999
0.4,0.7,1.2387,1.4931,0.38219,0.80511,1.2091,1.2928,1.7018,0.25821,0.03469,0.45055,1.7999
0.4,0.7,1.2379,1.4956,0.38444,0.80831,1.2121,1.2916,1.7011,0.26554,0.029392,0.44827,1.8
0.4,0.7,1.2368,1.4978,0.38684,0.80814,1.2152,1.2906,1.7007,0.27309,0.024698,0.4469,1.8
0.4,0.7,1.2432,1.4786,0.36573,0.79295,1.1919,1.3066,1.7051,0.21558,0.096072,0.46198,1.7999
0.4,0.7,1.2431,1.4814,0.36711,0.79511,1.1941,1.3049,1.7038,0.22116,0.08848,0.45747,1.8
0.4,0.7,1.2429,1.4839,0.36858,0.79345,1.1964,1.3033,1.7027,0.22674,0.081171,0.45369,1.8
0.4,0.7,1.2426,1.4864,0.37011,0.79577,1.1987,1.3017,1.7016,0.23248,0.074031,0.45,1.8
0.4,0.7,1.2422,1.4889,0.37171,0.79818,1.2011,1.3001,1.7006,0.23837,0.067099,0.44652,1.8
0.4,0.7,1.2418,1.4914,0.37341,0.80069,1.2036,1.2986,1.6996,0.24445,0.060373,0.44314,1.8
0.4,0.7,1.2413,1.4938,0.3752,0.79958,1.2061,1.2972,1.6988,0.25067,0.053939,0.44021,1.8
0.4,0.7,1.2403,1.4954,0.37703,0.80222,1.2084,1.2959,1.6986,0.25653,0.048261,0.43953,1.7995
0.4,0.7,1.24,1.4987,0.37912,0.80524,1.2114,1.2945,1.6972,0.26386,0.041917,0.4349,1.8
0.4,0.7,1.2391,1.5009,0.38126,0.80469,1.2142,1.2933,1.6967,0.27069,0.036548,0.43323,1.7999
0.4,0.7,1.2382,1.5032,0.38358,0.80795,1.2171,1.2921,1.6962,0.27798,0.031523,0.43155,1.7999
0.4,0.7,1.2435,1.489,0.36575,0.79404,1.1991,1.3053,1.6987,0.2334,0.090112,0.44007,1.8
0.4,0.7,1.2433,1.4916,0.36727,0.79631,1.2014,1.3037,1.6976,0.23908,0.082845,0.4362,1.8
0.4,0.7,1.243,1.4941,0.36885,0.79531,1.2037,1.3021,1.6965,0.24488,0.07578,0.43257,1.8
0.4,0.7,1.2426,1.4966,0.37052,0.79734,1.2061,1.3005,1.6956,0.25079,0.06894,0.42925,1.8
0.4,0.7,1.2421,1.4989,0.37227,0.79988,1.2086,1.2991,1.6947,0.25682,0.062387,0.42638,1.7999
0.4,0.7,1.2417,1.5015,0.37414,0.80257,1.2112,1.2976,1.6937,0.26325,0.055939,0.42302,1.8
0.4,0.7,1.241,1.5038,0.37609,0.80176,1.2138,1.2963,1.6931,0.26965,0.049961,0.42077,1.7999
0.4,0.7,1.24,1.5055,0.37809,0.80458,1.2162,1.2951,1.6929,0.27578,0.044601,0.42021,1.7995
0.4,0.7,1.2395,1.5086,0.38043,0.80786,1.2194,1.2938,1.6918,0.28348,0.038898,0.41645,1.7999
0.4,0.7,1.2565,1.4377,0.34304,0.7661,1.1466,1.3462,1.7212,0.1039,0.27241,0.51679,1.8
0.4,0.7,1.2569,1.4403,0.34381,0.76745,1.1482,1.3442,1.7196,0.10793,0.26316,0.51151,1.7999
0.4,0.7,1.2407,1.5139,0.37739,0.80786,1.2218,1.2956,1.6874,0.28956,0.04678,0.40154,1.8
0.4,0.7,1.2406,1.372,0.32604,0.75929,1.1103,1.406,1.7651,0.014401,0.53824,0.66683,1.7999
0.4,0.7,1.2412,1.3747,0.32642,0.76032,1.1118,1.4037,1.7633,0.018,0.52824,0.66045,1.7999
0.4,0.7,1.2382,1.369,0.32808,0.80417,1.1114,1.4048,1.7704,0.017101,0.53282,0.68475,1.7945
0.4,0.7,1.2424,1.3801,0.32721,0.76236,1.1147,1.3993,1.7596,0.025308,0.50838,0.64781,1.7999
0.4,0.7,1.243,1.3828,0.32763,0.76337,1.1162,1.397,1.7577,0.028974,0.49849,0.64155,1.7999
0.4,0.7,1.2436,1.3856,0.32797,0.75915,1.1178,1.3949,1.7558,0.032953,0.48878,0.63488,1.8
0.4,0.7,1.2442,1.3881,0.32848,0.76013,1.1193,1.3926,1.7541,0.036417,0.47877,0.629,1.7999
0.4,0.7,1.2448,1.3908,0.32893,0.76117,1.1208,1.3904,1.7522,0.040138,0.46893,0.62276,1.7999
0.4,0.7,1.2454,1.3927,0.32972,0.76196,1.1218,1.3881,1.751,0.042722,0.4585,0.61846,1.7996
0.4,0.7,1.246,1.3961,0.32986,0.76328,1.1238,1.386,1.7486,0.04762,0.4493,0.61032,1.7999
0.4,0.7,1.2465,1.399,0.33028,0.76438,1.1254,1.3838,1.7467,0.051604,0.43962,0.60374,1.8
0.4,0.7,1.2471,1.4017,0.33076,0.76546,1.127,1.3816,1.7448,0.055425,0.42987,0.59747,1.8
0.4,0.7,1.2477,1.4042,0.33134,0.76138,1.1284,1.3794,1.7432,0.05893,0.41996,0.59176,1.7999
0.4,0.7,1.2482,1.4068,0.33187,0.76247,1.1299,1.3772,1.7413,0.062712,0.41019,0.58559,1.7999
0.4,0.7,1.2488,1.4095,0.33241,0.76358,1.1314,1.375,1.7395,0.066507,0.40045,0.57944,1.7999
0.4,0.7,1.2494,1.4122,0.33296,0.76469,1.133,1.3728,1.7378,0.070318,0.39073,0.57331,1.7999
0.4,0.7,1.2499,1.4149,0.33353,0.76582,1.1345,1.3707,1.736,0.074144,0.38103,0.5672,1.7999
0.4,0.7,1.2505,1.4177,0.33405,0.76699,1.1362,1.3685,1.734,0.078213,0.37143,0.56065,1.8
0.4,0.7,1.251,1.4203,0.33471,0.7632,1.1377,1.3663,1.7324,0.081844,0.36168,0.55502,1.7999
0.4,0.7,1.2515,1.4229,0.33533,0.76437,1.1392,1.3641,1.7306,0.085706,0.35203,0.54897,1.7999
0.4,0.7,1.252,1.4256,0.33596,0.76556,1.1408,1.362,1.7289,0.089601,0.34242,0.54295,1.7999
0.4,0.7,1.2526,1.4283,0.33661,0.76677,1.1424,1.3598,1.7271,0.093526,0.33285,0.53697,1.7999
0.4,0.7,1.2531,1.431,0.33726,0.76799,1.144,1.3577,1.7254,0.09749,0.32334,0.53104,1.7999
0.4,0.7,1.2536,1.4339,0.3379,0.76925,1.1457,1.3556,1.7235,0.10165,0.31391,0.52475,1.8
0.4,0.7,1.255,1.442,0.34005,0.76838,1.1506,1.3492,1.7184,0.11374,0.28562,0.5072,1.8
0.4,0.7,1.2554,1.4446,0.34084,0.76968,1.1522,1.3471,1.7168,0.11767,0.27624,0.50182,1.7999
0.4,0.7,1.2559,1.4475,0.34159,0.77103,1.1539,1.345,1.715,0.12195,0.26696,0.49569,1.8
0.4,0.7,1.2563,1.4502,0.34238,0.76788,1.1556,1.3429,1.7133,0.12613,0.2577,0.48992,1.8
0.4,0.7,1.2565,1.4522,0.34336,0.76917,1.157,1.3409,1.7122,0.12958,0.2484,0.48622,1.7996
0.4,0.7,1.2571,1.4555,0.34409,0.77066,1.159,1.3388,1.7101,0.13439,0.23928,0.47903,1.7999
0.4,0.7,1.2574,1.4582,0.34496,0.77209,1.1607,1.3368,1.7085,0.13865,0.23016,0.47347,1.7999
0.4,0.7,1.2578,1.4609,0.34586,0.77355,1.1624,1.3347,1.7069,0.14295,0.2211,0.46798,1.7999
0.4,0.7,1.2582,1.4637,0.34677,0.77504,1.1642,1.3327,1.7052,0.14745,0.21212,0.46216,1.8
0.4,0.7,1.2584,1.4662,0.34775,0.77223,1.166,1.3307,1.7038,0.15168,0.20319,0.45726,1.7999
0.4,0.7,1.2587,1.4689,0.34874,0.77378,1.1678,1.3287,1.7022,0.15613,0.19433,0.45196,1.7999
0.4,0.7,1.259,1.4716,0.34975,0.77536,1.1696,1.3267,1.7007,0.16064,0.18556,0.44673,1.7999
0.4,0.7,1.2593,1.4742,0.35079,0.77696,1.1714,1.3248,1.6992,0.16522,0.17687,0.44158,1.7999
0.4,0.7,1.2595,1.4771,0.35184,0.77862,1.1734,1.3228,1.6975,0.17005,0.16826,0.43603,1.8
0.4,0.7,1.2597,1.4795,0.35297,0.77615,1.1752,1.3209,1.6962,0.17458,0.15976,0.43154,1.7999
0.4,0.7,1.2598,1.4822,0.35411,0.77788,1.1772,1.319,1.6948,0.17936,0.15134,0.42664,1.7999
0.4,0.7,1.26,1.4848,0.35528,0.77965,1.1791,1.3172,1.6934,0.18421,0.14302,0.42184,1.7999
0.4,0.7,1.2601,1.4876,0.35648,0.78147,1.1812,1.3153,1.6919,0.18929,0.13478,0.41672,1.8
0.4,0.7,1.2602,1.4902,0.35774,0.77938,1.1832,1.3135,1.6905,0.1943,0.12667,0.41212,1.8
0.4,0.7,1.2602,1.4928,0.35903,0.78131,1.1853,1.3117,1.6892,0.19938,0.11865,0.40761,1.8
0.4,0.7,1.2602,1.4954,0.36038,0.78329,1.1874,1.3099,1.6879,0.20456,0.11076,0.40321,1.8
0.4,0.7,1.2601,1.498,0.36177,0.78532,1.1895,1.3082,1.6867,0.20984,0.10301,0.39895,1.8
0.4,0.7,1.2572,1.4699,0.34506,0.7739,1.1696,1.3336,1.7013,0.16059,0.21593,0.44883,1.7996
0.4,0.7,1.2585,1.4785,0.34799,0.77433,1.1753,1.3276,1.6962,0.17464,0.18946,0.43133,1.7999
0.4,0.7,1.2588,1.4812,0.34906,0.77592,1.1771,1.3257,1.6946,0.1792,0.18075,0.42615,1.7999
0.4,0.7,1.259,1.4839,0.35016,0.77755,1.179,1.3237,1.6932,0.18382,0.17212,0.42106,1.7999
0.4,0.7,1.2593,1.4865,0.3513,0.77922,1.1809,1.3218,1.6917,0.18851,0.16357,0.41604,1.7999
0.4,0.7,1.2595,1.4893,0.35246,0.78094,1.1829,1.3199,1.6901,0.19342,0.15511,0.41072,1.8
0.4,0.7,1.2594,1.4912,0.35374,0.77863,1.1845,1.318,1.6893,0.19746,0.14681,0.40792,1.7996
0.4,0.7,1.2598,1.4945,0.35493,0.78051,1.1867,1.3162,1.6874,0.20297,0.13848,0.40151,1.7999
0.4,0.7,1.2598,1.4971,0.35622,0.78237,1.1887,1.3143,1.6861,0.2079,0.13032,0.39696,1.7999
0.4,0.7,1.2599,1.4997,0.35756,0.78429,1.1908,1.3125,1.6848,0.21296,0.12228,0.39242,1.7999
0.4,0.7,1.26,1.5025,0.35893,0.78248,1.1929,1.3107,1.6833,0.21827,0.11433,0.38758,1.8
0.4,0.7,1.2596,1.5043,0.36039,0.78443,1.1948,1.309,1.6827,0.22277,0.10671,0.38528,1.7996
0.4,0.7,1.2598,1.5076,0.36185,0.78663,1.1972,1.3073,1.681,0.22875,0.098915,0.37942,1.7999
0.4,0.7,1.2598,1.5104,0.3634,0.78885,1.1995,1.3056,1.6797,0.23438,0.091388,0.37501,1.8
0.4,0.7,1.2596,1.5129,0.365,0.79111,1.2017,1.3039,1.6785,0.23999,0.084076,0.37116,1.8
0.4,0.7,1.2592,1.5153,0.36667,0.78983,1.204,1.3023,1.6776,0.24553,0.077002,0.368,1.7999
0.4,0.7,1.2589,1.5179,0.36842,0.79229,1.2064,1.3008,1.6766,0.25141,0.070077,0.36452,1.7999
0.4,0.7,1.2585,1.5205,0.37024,0.79486,1.2088,1.2993,1.6756,0.25751,0.063367,0.36114,1.7999
0.4,0.7,1.2581,1.5231,0.37216,0.7941,1.2114,1.2978,1.6746,0.2639,0.056874,0.35778,1.8
0.4,0.7,1.2575,1.5257,0.37418,0.79694,1.2141,1.2964,1.6738,0.27039,0.050688,0.35492,1.8
0.4,0.7,1.258,1.4855,0.34632,0.77744,1.1811,1.3286,1.6916,0.18898,0.19366,0.4159,1.8
0.4,0.7,1.2586,1.4909,0.34856,0.77661,1.1848,1.3246,1.6886,0.19809,0.1762,0.40551,1.8
0.4,0.7,1.2589,1.4935,0.34974,0.77827,1.1866,1.3227,1.6871,0.20268,0.16759,0.40052,1.8
0.4,0.7,1.2588,1.4955,0.35101,0.7799,1.1882,1.3208,1.6862,0.20662,0.15909,0.39749,1.7996
0.4,0.7,1.2593,1.4988,0.3522,0.78173,1.1904,1.3189,1.6843,0.21205,0.15065,0.39095,1.7999
0.4,0.7,1.2595,1.5016,0.35347,0.78355,1.1924,1.317,1.6828,0.21703,0.14233,0.38585,1.8
0.4,0.7,1.2596,1.5041,0.3548,0.78156,1.1944,1.3152,1.6816,0.22185,0.13414,0.38146,1.7999
0.4,0.7,1.2597,1.5067,0.35618,0.78348,1.1964,1.3134,1.6802,0.22683,0.12605,0.37698,1.7999
0.4,0.7,1.2597,1.5094,0.3576,0.78547,1.1985,1.3116,1.6789,0.23195,0.11809,0.37252,1.7999
0.4,0.7,1.2597,1.512,0.35906,0.78752,1.2006,1.3098,1.6777,0.23718,0.11027,0.36819,1.7999
0.4,0.7,1.2597,1.5148,0.36059,0.78601,1.2028,1.3081,1.6763,0.24268,0.10257,0.36358,1.8
0.4,0.7,1.2595,1.5173,0.36217,0.7882,1.205,1.3064,1.6753,0.24796,0.095093,0.35997,1.7999
0.4,0.7,1.2594,1.5201,0.36382,0.79052,1.2073,1.3047,1.674,0.25371,0.087709,0.35566,1.8
0.4,0.7,1.2591,1.5225,0.36554,0.79288,1.2096,1.3032,1.673,0.25932,0.080605,0.3523,1.7999
0.4,0.7,1.2589,1.5253,0.36734,0.79191,1.212,1.3016,1.6719,0.26534,0.073639,0.34849,1.8
0.4,0.7,1.2582,1.527,0.36916,0.79434,1.2141,1.3001,1.6716,0.27052,0.067218,0.34734,1.7995
0.4,0.7,1.2577,1.5295,0.37111,0.79705,1.2166,1.2987,1.6707,0.27674,0.060809,0.34436,1.7995
0.4,0.7,1.2574,1.5329,0.37328,0.80011,1.2196,1.2973,1.6693,0.28416,0.054383,0.33946,1.8
0.4,0.7,1.2567,1.5353,0.37546,0.79978,1.2223,1.296,1.6687,0.29072,0.04864,0.33742,1.7999
0.4,0.7,1.2578,1.495,0.34594,0.77807,1.1886,1.3275,1.6857,0.20767,0.18912,0.39574,1.8
0.4,0.7,1.2579,1.497,0.34718,0.7796,1.1902,1.3256,1.6848,0.21142,0.18033,0.39247,1.7996
0.4,0.7,1.2585,1.5005,0.34832,0.78134,1.1924,1.3236,1.6827,0.21685,0.17171,0.38533,1.8
0.4,0.7,1.2588,1.5032,0.34956,0.78305,1.1943,1.3217,1.6812,0.22153,0.16315,0.38029,1.8
0.4,0.7,1.2589,1.5057,0.35085,0.78092,1.1961,1.3198,1.6799,0.22607,0.15468,0.37585,1.7999
0.4,0.7,1.2591,1.5084,0.35217,0.78274,1.1981,1.3179,1.6785,0.23089,0.14632,0.37101,1.7999
0.4,0.7,1.2594,1.5113,0.35353,0.78463,1.2001,1.3161,1.677,0.236,0.13806,0.36578,1.8
0.4,0.7,1.2595,1.5139,0.35493,0.78656,1.2022,1.3142,1.6756,0.241,0.12994,0.36117,1.8
0.4,0.7,1.2596,1.5166,0.35639,0.78486,1.2042,1.3124,1.6743,0.24607,0.12195,0.35676,1.8
0.4,0.7,1.2595,1.5191,0.3579,0.78692,1.2063,1.3107,1.6731,0.25114,0.11411,0.35272,1.7999
0.4,0.7,1.2596,1.5219,0.35947,0.78908,1.2085,1.3089,1.6718,0.25658,0.10639,0.34819,1.8
0.4,0.7,1.2567,1.4982,0.36405,0.72071,1.1931,1.3058,1.6965,0.21875,0.092525,0.43247,1.796
0.4,0.7,1.2593,1.5272,0.36279,0.79011,1.2129,1.3056,1.6695,0.26761,0.091522,0.34026,1.8
0.4,0.7,1.259,1.5297,0.36454,0.7925,1.2152,1.304,1.6685,0.2732,0.084402,0.33689,1.7999
0.4,0.7,1.2585,1.5316,0.36632,0.79487,1.2173,1.3025,1.668,0.27833,0.077672,0.33518,1.7996
0.4,0.7,1.2584,1.5351,0.36832,0.79767,1.2201,1.3009,1.6664,0.28531,0.070753,0.3298,1.8
0.4,0.7,1.2576,1.5367,0.37023,0.79687,1.2223,1.2996,1.6662,0.2906,0.064617,0.32899,1.7995
0.4,0.7,1.257,1.5392,0.37235,0.79976,1.2249,1.2982,1.6654,0.29703,0.058525,0.32632,1.7995
0.4,0.7,1.2578,1.5046,0.34576,0.77886,1.1962,1.3265,1.6798,0.22642,0.1846,0.37552,1.8
0.4,0.7,1.2581,1.5073,0.34701,0.78053,1.1981,1.3246,1.6783,0.23098,0.17588,0.37035,1.8
0.4,0.7,1.2584,1.5101,0.34829,0.78225,1.2,1.3226,1.6768,0.23562,0.16727,0.36527,1.8
0.4,0.7,1.2587,1.5128,0.34961,0.78401,1.2019,1.3207,1.6754,0.24034,0.15877,0.3603,1.8
0.4,0.7,1.2589,1.5155,0.35098,0.78583,1.2038,1.3188,1.6739,0.24514,0.15038,0.35544,1.8
0.4,0.7,1.2591,1.5182,0.35238,0.784,1.2058,1.317,1.6725,0.25003,0.1421,0.35067,1.8
0.4,0.7,1.2593,1.5209,0.35384,0.78595,1.2078,1.3151,1.6712,0.25501,0.13395,0.34603,1.8
0.4,0.7,1.2594,1.5236,0.35534,0.78796,1.2099,1.3133,1.6699,0.26009,0.12594,0.34153,1.8
0.4,0.7,1.2594,1.5263,0.3569,0.79004,1.212,1.3116,1.6686,0.26529,0.11808,0.33716,1.8
0.4,0.7,1.2593,1.5289,0.35851,0.78865,1.2141,1.3098,1.6674,0.27048,0.1104,0.33327,1.7999
0.4,0.7,1.259,1.5309,0.36015,0.79079,1.216,1.3082,1.6668,0.2752,0.10301,0.33094,1.7996
0.4,0.7,1.2592,1.5344,0.36193,0.79328,1.2186,1.3065,1.665,0.28167,0.095495,0.32493,1.8
0.4,0.7,1.259,1.537,0.36374,0.79572,1.221,1.3049,1.6639,0.28741,0.088366,0.32125,1.8
0.4,0.7,1.2586,1.5395,0.36562,0.79487,1.2233,1.3034,1.6631,0.29309,0.081514,0.31832,1.7999
0.4,0.7,1.2582,1.5421,0.3676,0.79755,1.2257,1.3019,1.6621,0.29917,0.074867,0.31511,1.7999
0.4,0.7,1.2575,1.5439,0.36958,0.80015,1.2279,1.3005,1.6618,0.30464,0.068705,0.3139,1.7995
0.4,0.7,1.2568,1.5079,0.34334,0.78024,1.1999,1.3294,1.6775,0.23537,0.19761,0.36775,1.7996
0.4,0.7,1.2578,1.5142,0.34582,0.78361,1.2039,1.3255,1.6739,0.24519,0.18012,0.35535,1.8
0.4,0.7,1.2581,1.517,0.34714,0.78158,1.2057,1.3236,1.6724,0.24981,0.17148,0.35024,1.8
0.4,0.7,1.2584,1.5197,0.3485,0.78336,1.2076,1.3217,1.6709,0.2545,0.16294,0.34523,1.8
0.4,0.7,1.2587,1.5225,0.34991,0.7852,1.2096,1.3198,1.6695,0.25928,0.15452,0.34034,1.8
0.4,0.7,1.2589,1.5252,0.35136,0.78709,1.2115,1.3179,1.6681,0.26416,0.14623,0.33557,1.8
0.4,0.7,1.2591,1.5279,0.35286,0.78905,1.2136,1.3161,1.6667,0.26914,0.13807,0.33092,1.8
0.4,0.7,1.2591,1.5305,0.3544,0.78751,1.2156,1.3143,1.6655,0.27408,0.13006,0.32672,1.7999
0.4,0.7,1.2589,1.5326,0.35599,0.78951,1.2174,1.3125,1.6647,0.27857,0.12229,0.32405,1.7996
0.4,0.7,1.2589,1.5353,0.35764,0.79169,1.2195,1.3108,1.6635,0.28387,0.11461,0.31986,1.7996
0.4,0.7,1.2592,1.5388,0.3594,0.79411,1.2221,1.3091,1.6617,0.29018,0.10698,0.31379,1.8
0.4,0.7,1.259,1.5413,0.36119,0.79308,1.2243,1.3074,1.6607,0.29559,0.099694,0.31037,1.7999
0.4,0.7,1.2588,1.544,0.36307,0.79557,1.2266,1.3058,1.6597,0.30135,0.092597,0.30673,1.7999
0.4,0.7,1.2585,1.5467,0.36503,0.79818,1.229,1.3043,1.6586,0.30734,0.085739,0.30321,1.7999
0.4,0.7,1.2582,1.5495,0.36711,0.79774,1.2316,1.3028,1.6576,0.31366,0.079128,0.2997,1.8
0.4,0.7,1.2579,1.5239,0.34609,0.788,1.2115,1.3245,1.668,0.26405,0.17574,0.33527,1.8
0.4,0.7,1.2582,1.5267,0.3475,0.78857,1.2134,1.3226,1.6665,0.26873,0.16719,0.33022,1.8
0.4,0.7,1.2585,1.5295,0.34895,0.7892,1.2153,1.3207,1.6651,0.27353,0.15874,0.32522,1.8
0.4,0.7,1.2587,1.5321,0.35045,0.78967,1.2172,1.3188,1.6638,0.27821,0.15043,0.32084,1.7999
0.4,0.7,1.2586,1.5342,0.35199,0.78902,1.219,1.317,1.6629,0.28246,0.14231,0.31788,1.7996
0.4,0.7,1.259,1.5377,0.3536,0.79127,1.2214,1.3152,1.661,0.28843,0.13424,0.31127,1.8
0.4,0.7,1.2591,1.5405,0.35526,0.79283,1.2235,1.3134,1.6597,0.29363,0.12638,0.30691,1.8
0.4,0.7,1.2591,1.5432,0.35698,0.7928,1.2256,1.3117,1.6585,0.29893,0.11871,0.30281,1.8
0.4,0.7,1.259,1.5459,0.35878,0.79398,1.2278,1.31,1.6573,0.30441,0.11122,0.29879,1.8
0.4,0.7,1.2589,1.5486,0.36064,0.79641,1.2301,1.3084,1.6562,0.31008,0.10395,0.2949,1.8
0.4,0.7,1.2587,1.5513,0.36258,0.79571,1.2325,1.3068,1.6551,0.3159,0.096913,0.29131,1.8
0.4,0.7,1.2583,1.5538,0.36459,0.79834,1.2349,1.3053,1.6543,0.32168,0.090158,0.28839,1.7999
0.4,0.7,1.2569,1.5275,0.34364,0.79817,1.2153,1.3276,1.666,0.27334,0.18942,0.3284,1.7996
0.4,0.7,1.2573,1.5303,0.34505,0.79904,1.2171,1.3256,1.6645,0.27787,0.18069,0.32318,1.7996
0.4,0.7,1.258,1.534,0.34646,0.80088,1.2194,1.3238,1.6624,0.28359,0.17231,0.31609,1.8
0.4,0.7,1.2583,1.5368,0.34797,0.80229,1.2213,1.3218,1.6609,0.28835,0.16381,0.31102,1.8
0.4,0.7,1.2585,1.5395,0.34953,0.80218,1.2233,1.32,1.6595,0.29313,0.15542,0.30623,1.8
0.4,0.7,1.2587,1.5421,0.35115,0.8026,1.2252,1.3181,1.6582,0.29785,0.14715,0.30183,1.7999
0.4,0.7,1.2589,1.545,0.35282,0.80392,1.2273,1.3163,1.6568,0.30308,0.1391,0.29693,1.8
0.4,0.7,1.2586,1.5468,0.35452,0.8029,1.229,1.3145,1.6561,0.30717,0.13115,0.29459,1.7996
0.4,0.7,1.2589,1.5503,0.35633,0.80501,1.2315,1.3128,1.6544,0.31336,0.12348,0.28864,1.7999
0.4,0.7,1.2589,1.5532,0.35821,0.80553,1.2338,1.3111,1.6531,0.31901,0.11597,0.28426,1.8
0.4,0.7,1.2588,1.5559,0.36016,0.80645,1.2361,1.3095,1.6519,0.32467,0.10868,0.28036,1.8
0.4,0.7,1.2586,1.5586,0.36219,0.80703,1.2384,1.3079,1.6509,0.33045,0.10166,0.27686,1.8
0.4,0.7,1.2585,1.5498,0.35027,0.81334,1.2314,1.3194,1.6543,0.31326,0.15302,0.28841,1.7999
0.4,0.7,1.2587,1.5527,0.35202,0.8146,1.2335,1.3176,1.6528,0.31845,0.14491,0.28344,1.8
0.4,0.7,1.2585,1.5543,0.35381,0.81341,1.2351,1.3158,1.6521,0.32227,0.13674,0.28103,1.7996
0.4,0.7,1.2588,1.5579,0.35571,0.81553,1.2377,1.3141,1.6504,0.3286,0.12912,0.27499,1.7999
0.4,0.7,1.2588,1.5609,0.35768,0.81593,1.24,1.3124,1.649,0.3343,0.12159,0.27047,1.8
0.4,0.7,1.2586,1.5633,0.3597,0.81674,1.2421,1.3107,1.648,0.33961,0.11425,0.26707,1.7999
0.4,0.7,1.2582,1.5552,0.34765,0.8226,1.2361,1.3228,1.6519,0.32477,0.16824,0.28036,1.8
0.4,0.7,1.2582,1.5595,0.35126,0.82221,1.2394,1.319,1.6497,0.33293,0.15112,0.27276,1.7996
0.4,0.7,1.2586,1.5632,0.35317,0.82441,1.242,1.3173,1.6479,0.33921,0.14337,0.26643,1.7999
0.4,0.7,1.2587,1.5658,0.35514,0.82424,1.2441,1.3155,1.6466,0.34441,0.13553,0.26208,1.7999
0.4,0.7,1.2586,1.5685,0.35719,0.82501,1.2462,1.3138,1.6454,0.34977,0.1279,0.25792,1.7999
0.4,0.7,1.2582,1.5703,0.35258,0.83143,1.248,1.3188,1.6448,0.35417,0.15012,0.256,1.7996
0.4,0.7,1.2585,1.5739,0.35469,0.83374,1.2506,1.3171,1.643,0.36061,0.14255,0.24986,1.7999
0.4,0.7,1.2583,1.5774,0.35011,0.84104,1.2535,1.3225,1.6421,0.36778,0.16659,0.2469,1.8
0.4,0.7,1.2585,1.58,0.35224,0.84143,1.2555,1.3206,1.6407,0.37272,0.15832,0.24205,1.8
0.4,0.7,1.258,1.5832,0.34767,0.84669,1.2585,1.3262,1.6404,0.38001,0.1833,0.24112,1.7999
0.4,0.7,1.2582,1.5858,0.34983,0.84855,1.2604,1.3243,1.6389,0.38462,0.17466,0.23599,1.7999
0.4,0.7,1.2577,1.5895,0.34534,0.85345,1.2638,1.3302,1.6388,0.39312,0.20086,0.23567,1.7999
0.4,0.7,1.2577,1.5908,0.34752,0.85412,1.2649,1.328,1.6377,0.39574,0.19099,0.23191,1.7996
0.4,0.7,1.2574,1.596,0.34311,0.86064,1.2693,1.3343,1.6374,0.40668,0.21902,0.23078,1.7999
0.4,0.7,1.2574,1.5972,0.34537,0.86015,1.2702,1.3319,1.6362,0.40899,0.2086,0.22661,1.7996
0.4,0.7,1.2571,1.6029,0.34115,0.86745,1.275,1.3385,1.636,0.42083,0.23775,0.22587,1.8
0.4,0.7,1.2572,1.6038,0.34349,0.8664,1.2757,1.336,1.6347,0.4226,0.22658,0.22155,1.7996
0.4,0.7,1.2572,1.6118,0.34175,0.87296,1.282,1.3404,1.6329,0.43804,0.24619,0.21539,1.7999
0.4,0.7,1.257,1.6186,0.33996,0.87943,1.2877,1.3446,1.6317,0.45217,0.26511,0.21125,1.7999
0.4,0.7,1.2564,1.6243,0.33823,0.8832,1.2928,1.3485,1.631,0.46479,0.28249,0.2088,1.7996
0.4,0.7,1.2565,1.6331,0.33634,0.89054,1.2998,1.3535,1.6295,0.48188,0.30478,0.20388,1.8
0.4,0.7,1.2559,1.6386,0.33479,0.89461,1.3048,1.3572,1.629,0.49424,0.32132,0.20208,1.7996
0.4,0.7,1.2556,1.6459,0.33315,0.89962,1.3108,1.3616,1.6281,0.5092,0.34083,0.19911,1.7996
0.4,0.7,1.2556,1.655,0.33111,0.90843,1.3181,1.3671,1.6272,0.5271,0.3651,0.19604,1.7999
0.4,0.7,1.2541,1.6583,0.3319,0.90939,1.3223,1.3679,1.626,0.53749,0.3686,0.19188,1.798
0.4,0.7,1.2551,1.6769,0.3273,0.92474,1.336,1.3795,1.6251,0.57128,0.42019,0.18886,1.7999
0.4,0.7,1.2549,1.6755,0.32748,0.92423,1.3352,1.3788,1.6253,0.56938,0.41741,0.18937,1.7996
0.4,0.7,1.2541,1.6786,0.33009,0.92325,1.3385,1.3777,1.6227,0.5774,0.41228,0.18065,1.798
0.4,0.7,1.2547,1.6877,0.33244,0.92805,1.3451,1.3792,1.6191,0.59381,0.41888,0.16812,1.7979
0.4,0.7,1.2559,1.6963,0.33006,0.93575,1.3507,1.3847,1.619,0.6075,0.44334,0.16788,1.7996
0.4,0.7,1.2566,1.7086,0.33103,0.94423,1.3597,1.3892,1.6158,0.62987,0.46337,0.15712,1.7999
0.4,0.7,1.2535,1.6753,0.32796,0.92354,1.3365,1.3787,1.625,0.57255,0.41669,0.18847,1.798
0.4,0.7,1.2563,1.7073,0.33123,0.94295,1.359,1.3885,1.6159,0.62808,0.4604,0.15749,1.7996
0.4,0.7,1.2553,1.7095,0.33532,0.94021,1.3618,1.3866,1.6126,0.63499,0.45216,0.14617,1.7978
0.4,0.7,1.2568,1.7174,0.33337,0.94758,1.3665,1.3914,1.6125,0.64659,0.47334,0.14556,1.7996
0.4,0.7,1.2568,1.7174,0.33337,0.94758,1.3665,1.3914,1.6125,0.6466,0.47334,0.14556,1.7996
0.4,0.7,1.2561,1.7022,0.33033,0.93936,1.3552,1.387,1.6176,0.61867,0.45378,0.16322,1.7996
0.4,0.7,1.2576,1.7354,0.33578,0.95802,1.38,1.3985,1.6075,0.67977,0.50509,0.1285,1.8
0.4,0.7,1.254,1.686,0.32913,0.92899,1.3444,1.3817,1.6219,0.59209,0.4302,0.17772,1.798
0.4,0.7,1.2546,1.6959,0.33105,0.934,1.3518,1.3841,1.6184,0.61019,0.44071,0.16586,1.7979
0.4,0.7,1.2554,1.716,0.33547,0.9443,1.3669,1.3897,1.6113,0.64752,0.46588,0.14152,1.7979
0.4,0.7,1.2577,1.745,0.33877,0.96177,1.3875,1.4018,1.6037,0.69827,0.5198,0.11571,1.7999
0.4,0.7,1.2576,1.7399,0.33739,0.95985,1.3835,1.3999,1.6055,0.68842,0.51105,0.12195,1.7999
0.4,0.7,1.2574,1.7492,0.34016,0.96379,1.3912,1.4036,1.6021,0.70741,0.52775,0.1101,1.7995
0.4,0.7,1.2569,1.7224,0.33454,0.94933,1.3703,1.3929,1.6107,0.65591,0.48014,0.13951,1.7996
0.4,0.7,1.2577,1.7551,0.34186,0.9658,1.3955,1.406,1.6,0.71813,0.53822,0.10288,1.7999
0.4,0.7,1.2571,1.7279,0.3354,0.95297,1.3745,1.3951,1.6091,0.66641,0.48976,0.13399,1.7996
0.4,0.7,1.2575,1.7352,0.33579,0.95787,1.3799,1.3984,1.6075,0.67952,0.50467,0.1286,1.7999
0.4,0.7,1.2577,1.745,0.33877,0.96177,1.3875,1.4018,1.6037,0.69827,0.5198,0.11571,1.7999
0.4,0.7,1.2577,1.7503,0.34007,0.96375,1.3917,1.4041,1.6019,0.70866,0.52994,0.10964,1.7999
0.4,0.7,1.2574,1.7442,0.33862,0.96181,1.3872,1.4017,1.604,0.69763,0.51902,0.11654,1.7995
0.4,0.7,1.2576,1.7603,0.34345,0.96794,1.3997,1.4084,1.5981,0.72856,0.54891,0.096496,1.7999
0.4,0.7,1.2557,1.7426,0.34141,0.9569,1.3878,1.4001,1.6025,0.69908,0.51205,0.11155,1.7977
0.4,0.7,1.2554,1.7523,0.34511,0.96052,1.3958,1.4042,1.5986,0.71896,0.53016,0.098115,1.7975
0.4,0.7,1.2573,1.7392,0.33713,0.9595,1.3833,1.3999,1.6058,0.68807,0.51101,0.12298,1.7995
0.4,0.7,1.2577,1.7551,0.34186,0.9658,1.3955,1.406,1.6,0.71813,0.53822,0.10288,1.7999
0.4,0.7,1.2573,1.7595,0.34335,0.968,1.3995,1.4081,1.5983,0.72788,0.54786,0.097217,1.7995
0.4,0.7,1.2497,1.7611,0.37425,0.96334,1.4092,1.4092,1.5869,0.75193,0.55259,0.058247,1.8
0.4,0.7,1.2577,1.745,0.33877,0.96177,1.3875,1.4018,1.6037,0.69827,0.5198,0.11571,1.7999
0.4,0.7,1.2577,1.745,0.33877,0.96177,1.3875,1.4018,1.6037,0.69827,0.5198,0.11571,1.7999
0.4,0.7,1.2577,1.7551,0.34185,0.9658,1.3955,1.406,1.6,0.7181,0.53818,0.10294,1.7999
0.4,0.7,1.2576,1.7603,0.34343,0.96794,1.3997,1.4084,1.5981,0.72856,0.54893,0.096564,1.7999
0.4,0.7,1.2484,1.7773,0.37562,0.97166,1.4236,1.4236,1.5836,0.7875,0.61674,0.04706,1.7998
0.4,0.7,1.2492,1.7694,0.3744,0.96807,1.4164,1.4164,1.5852,0.76966,0.58457,0.052683,1.7998
0.4,0.7,1.25,1.7526,0.3737,0.95789,1.4021,1.4021,1.5886,0.73436,0.52091,0.064278,1.7998
0.4,0.7,1.2471,1.8027,0.37693,0.98493,1.4456,1.4456,1.5788,0.84168,0.71446,0.03081,1.7998
0.4,0.7,1.2478,1.7946,0.37627,0.98165,1.4382,1.4382,1.5803,0.82347,0.68161,0.03592,1.8
0.4,0.7,1.2462,1.82,0.3776,0.99437,1.4604,1.4604,1.5758,0.87833,0.78056,0.020459,1.7997
0.4,0.7,1.2481,1.7859,0.37585,0.97617,1.4309,1.4309,1.582,0.80546,0.64913,0.041551,1.7998
0.4,0.7,1.2462,1.82,0.3776,0.99437,1.4604,1.4604,1.5758,0.87833,0.78056,0.020459,1.7998
0.4,0.7,1.247,1.8119,0.37685,0.99142,1.453,1.453,1.5773,0.85992,0.74737,0.025393,1.8
0.4,0.7,1.2462,1.82,0.3776,0.99437,1.4604,1.4604,1.5758,0.87833,0.78056,0.020459,1.7998
0.4,0.7,1.2458,1.8288,0.37784,0.99718,1.4679,1.4679,1.5744,0.89688,0.81401,0.01549,1.7997
0.4,0.7,1.2438,1.8454,0.37917,0.99688,1.4837,1.4837,1.5722,0.93575,0.88413,0.0081554,1.7987
0.4,0.7,1.2451,1.8373,0.37878,0.99843,1.4756,1.4756,1.573,0.91578,0.84811,0.010853,1.7997
0.4,0.7,1.2438,1.8454,0.37915,0.99687,1.4837,1.4837,1.5722,0.93579,0.88419,0.0081507,1.7987
0.4,0.7,1.2441,1.8557,0.37958,0.99951,1.4916,1.4916,1.5707,0.95519,0.91918,0.0030607,1.7997
0.4,0.7,1.2394,1.8711,0.38599,0.99945,1.5097,1.5097,1.5698,1,1,0,1.7992
