a,t0,Kp,Ti,Td,beta,Jdi,Jdo,Jr,JdiNorm,JdoNorm,JrNorm,Ms
0.8,1.2,1.0963,1.8769,0.59974,0.73183,1.7639,2.2359,2.8547,0,0.38518,0.96574,2
0.8,1.2,1.0963,1.8792,0.60116,0.73307,1.7641,2.2332,2.853,0.0003765,0.37487,0.95961,2
0.8,1.2,1.0962,1.8813,0.60255,0.73421,1.7648,2.2307,2.8516,0.0014637,0.3653,0.95446,2
0.8,1.2,1.0961,1.8831,0.60392,0.73526,1.7659,2.2283,2.8504,0.0031391,0.35635,0.95016,2
0.8,1.2,1.0959,1.8844,0.60525,0.73177,1.7674,2.2261,2.8495,0.00553,0.34811,0.94723,1.9999
0.8,1.2,1.0958,1.8855,0.60658,0.7326,1.7693,2.2241,2.8488,0.0084625,0.34045,0.94478,1.9998
0.8,1.2,1.0953,1.8861,0.60783,0.73362,1.7713,2.2222,2.8487,0.011673,0.33298,0.94427,1.9992
0.8,1.2,1.0951,1.8872,0.60918,0.73448,1.7732,2.2201,2.848,0.014671,0.32539,0.94191,1.9992
0.8,1.2,1.0953,1.8888,0.61064,0.73516,1.775,2.2181,2.8469,0.017453,0.31768,0.93771,1.9998
0.8,1.2,1.0952,1.89,0.61204,0.73601,1.7769,2.2161,2.8461,0.020464,0.31012,0.93507,2
0.8,1.2,1.095,1.8911,0.61344,0.73691,1.7789,2.2141,2.8455,0.02356,0.30263,0.93288,2
0.8,1.2,1.0948,1.8922,0.61487,0.73344,1.7808,2.2122,2.8449,0.026673,0.29516,0.93062,2
0.8,1.2,1.0944,1.8931,0.61628,0.73442,1.7829,2.2102,2.8444,0.029888,0.28777,0.92894,1.9998
0.8,1.2,1.0943,1.8942,0.61776,0.73533,1.7849,2.2082,2.8437,0.033032,0.28035,0.92652,2
0.8,1.2,1.0939,1.8951,0.6192,0.73633,1.7869,2.2063,2.8432,0.036304,0.27303,0.92485,1.9998
0.8,1.2,1.0937,1.8962,0.62072,0.73728,1.789,2.2044,2.8426,0.039518,0.26567,0.92253,2
0.8,1.2,1.0934,1.8972,0.62223,0.73828,1.7911,2.2024,2.842,0.042815,0.25839,0.92061,2
0.8,1.2,1.0931,1.8981,0.62372,0.73933,1.7932,2.2005,2.8416,0.046204,0.25119,0.91911,1.9998
0.8,1.2,1.0928,1.8992,0.62531,0.73604,1.7953,2.1986,2.841,0.049526,0.24395,0.91693,2
0.8,1.2,1.0924,1.9,0.62684,0.73714,1.7975,2.1967,2.8406,0.052993,0.23683,0.91556,1.9998
0.8,1.2,1.0921,1.9011,0.62847,0.73818,1.7997,2.1949,2.8401,0.056396,0.22967,0.91352,2
0.8,1.2,1.0917,1.9019,0.63004,0.73932,1.8019,2.193,2.8397,0.059944,0.22264,0.91225,1.9998
0.8,1.2,1.0913,1.9029,0.63172,0.74039,1.8041,2.1911,2.8392,0.063431,0.21556,0.91034,1.9999
0.8,1.2,1.0909,1.9038,0.63338,0.74153,1.8064,2.1893,2.8387,0.067017,0.20858,0.90884,1.9999
0.8,1.2,1.0905,1.9047,0.63508,0.74251,1.8087,2.1874,2.8383,0.07063,0.20163,0.9073,2
0.8,1.2,1.09,1.9055,0.63677,0.73967,1.8111,2.1856,2.838,0.074323,0.19475,0.90606,1.9999
0.8,1.2,1.0895,1.9063,0.63844,0.74093,1.8135,2.1838,2.8377,0.078101,0.18796,0.90512,1.9998
0.8,1.2,1.089,1.9071,0.6402,0.74216,1.8159,2.182,2.8373,0.081877,0.18117,0.90391,1.9998
0.8,1.2,1.0885,1.908,0.64206,0.74337,1.8182,2.1803,2.8369,0.085651,0.17439,0.9024,2
0.8,1.2,1.088,1.9088,0.64387,0.74465,1.8207,2.1785,2.8366,0.089535,0.16771,0.90134,1.9999
0.8,1.2,1.0875,1.9096,0.64574,0.74595,1.8232,2.1767,2.8363,0.093467,0.16109,0.90028,2
0.8,1.2,1.0868,1.9103,0.64759,0.74318,1.8258,2.175,2.8361,0.097485,0.15455,0.89951,1.9999
0.8,1.2,1.0861,1.9109,0.64942,0.7446,1.8284,2.1733,2.836,0.1016,0.14811,0.89907,1.9997
0.8,1.2,1.0855,1.9116,0.65132,0.74602,1.831,2.1716,2.8358,0.10575,0.14171,0.8985,1.9996
0.8,1.2,1.0849,1.9124,0.65343,0.74738,1.8336,2.1699,2.8355,0.10988,0.13529,0.89744,1.9999
0.8,1.2,1.0842,1.9131,0.65544,0.74884,1.8363,2.1683,2.8354,0.11415,0.12901,0.89695,1.9999
0.8,1.2,1.0835,1.9138,0.65753,0.75033,1.8391,2.1666,2.8353,0.11849,0.12281,0.89648,2
0.8,1.2,1.0827,1.9144,0.6596,0.74784,1.8419,2.165,2.8352,0.12293,0.11671,0.89632,1.9999
0.8,1.2,1.0818,1.9149,0.66154,0.7495,1.8448,2.1634,2.8353,0.12752,0.11077,0.89667,1.9995
0.8,1.2,1.081,1.9154,0.66372,0.75112,1.8477,2.1619,2.8353,0.13213,0.10483,0.89666,1.9995
0.8,1.2,1.0803,1.9161,0.66616,0.7527,1.8507,2.1603,2.8352,0.13676,0.098924,0.89634,1.9999
0.8,1.2,1.0794,1.9166,0.66851,0.75439,1.8537,2.1588,2.8353,0.14155,0.093187,0.89654,2
0.8,1.2,1.0784,1.9171,0.6708,0.7522,1.8568,2.1573,2.8354,0.14649,0.0876,0.8971,1.9999
0.8,1.2,1.0775,1.9176,0.67328,0.75399,1.86,2.1559,2.8356,0.15151,0.082099,0.89765,2
0.8,1.2,1.0763,1.9179,0.67537,0.75597,1.8634,2.1545,2.8359,0.15674,0.076826,0.89891,1.9993
0.8,1.2,1.0753,1.9183,0.67822,0.75782,1.8667,2.1531,2.8361,0.16199,0.071555,0.89959,1.9998
0.8,1.2,1.0742,1.9187,0.68081,0.75982,1.8702,2.1517,2.8365,0.16746,0.066511,0.90085,1.9997
0.8,1.2,1.0716,1.9184,0.68014,0.75873,1.8739,2.1506,2.8375,0.17336,0.062005,0.90448,1.9946
0.8,1.2,1.0717,1.9192,0.68616,0.76018,1.8774,2.1492,2.8374,0.17889,0.056944,0.90409,1.9995
0.8,1.2,1.07,1.9194,0.68774,0.76264,1.8812,2.148,2.838,0.18489,0.05246,0.90614,1.9976
0.8,1.2,1.0681,1.9196,0.68899,0.76521,1.8851,2.1469,2.8386,0.19101,0.048091,0.90836,1.9953
0.8,1.2,1.0657,1.9198,0.68859,0.76814,1.8891,2.1458,2.8393,0.19728,0.043881,0.91081,1.9906
0.8,1.2,1.064,1.92,0.69087,0.76849,1.8931,2.1447,2.84,0.20365,0.039766,0.91333,1.9895
0.8,1.2,1.0612,1.9201,0.68946,0.77001,1.8972,2.1436,2.8408,0.21014,0.035791,0.91616,1.9833
0.8,1.2,1.0591,1.9202,0.69048,0.76917,1.9015,2.1426,2.8416,0.21682,0.031998,0.9192,1.9803
0.8,1.2,1.0564,1.9201,0.69018,0.77545,1.9058,2.1417,2.8427,0.22366,0.028408,0.92277,1.9753
0.8,1.2,1.0541,1.9201,0.69121,0.77535,1.9103,2.1408,2.8436,0.23081,0.025077,0.92621,1.972
0.8,1.2,1.0512,1.92,0.69084,0.77872,1.915,2.14,2.8447,0.23807,0.021891,0.93011,1.9667
0.8,1.2,1.0484,1.9199,0.69045,0.78217,1.9197,2.1392,2.8459,0.2455,0.01887,0.93424,1.9613
0.8,1.2,1.0461,1.9197,0.69234,0.78522,1.9245,2.1384,2.8471,0.25306,0.015984,0.93851,1.9588
0.8,1.2,1.0432,1.9195,0.69239,0.78506,1.9294,2.1377,2.8484,0.26076,0.013265,0.94314,1.9539
0.8,1.2,1.0406,1.9192,0.69335,0.78851,1.9343,2.137,2.8498,0.26861,0.010725,0.94819,1.9499
0.8,1.2,1.0378,1.9189,0.69422,0.79,1.9395,2.1364,2.8512,0.2767,0.0083927,0.95329,1.9458
0.8,1.2,1.0349,1.9186,0.69503,0.79202,1.9448,2.1358,2.8527,0.28504,0.0062778,0.95846,1.9414
0.8,1.2,1.0316,1.9181,0.69451,0.79599,1.9501,2.1353,2.8544,0.29354,0.0044129,0.96448,1.9353
0.8,1.2,1.0285,1.9176,0.69527,0.79614,1.9557,2.1349,2.8561,0.30233,0.0028169,0.97063,1.9305
0.8,1.2,1.0253,1.917,0.69599,0.80019,1.9615,2.1346,2.858,0.31143,0.0015282,0.97722,1.9256
0.8,1.2,1.0219,1.9163,0.69656,0.80073,1.9675,2.1343,2.86,0.32085,0.00057808,0.98429,1.9202
0.8,1.2,1.0184,1.9155,0.69723,0.80141,1.9737,2.1342,2.8621,0.33068,4.9592e-05,0.99196,1.9148
0.8,1.2,1.0142,1.9145,0.69641,0.80998,1.9803,2.1342,2.8644,0.34106,0,1,1.9072
0.8,1.2,1.0967,1.8872,0.5975,0.73501,1.7653,2.235,2.8458,0.0022393,0.38143,0.93378,2
0.8,1.2,1.0967,1.889,0.59885,0.73157,1.7663,2.2326,2.8445,0.003823,0.37237,0.92945,2
0.8,1.2,1.0965,1.8904,0.60018,0.73253,1.7677,2.2303,2.8436,0.0059521,0.36385,0.92611,1.9999
0.8,1.2,1.0964,1.8916,0.60148,0.73336,1.7694,2.2282,2.8428,0.0087066,0.35602,0.92341,1.9999
0.8,1.2,1.0963,1.8927,0.6028,0.73416,1.7713,2.2262,2.8421,0.011604,0.34832,0.92091,1.9999
0.8,1.2,1.0963,1.894,0.60415,0.73493,1.7731,2.2242,2.8413,0.014479,0.34063,0.918,2
0.8,1.2,1.0961,1.8951,0.6055,0.73576,1.775,2.2222,2.8406,0.017435,0.333,0.91558,2
0.8,1.2,1.096,1.8962,0.60686,0.73661,1.7769,2.2201,2.84,0.020418,0.32539,0.9132,2
0.8,1.2,1.0954,1.8967,0.60811,0.73333,1.7789,2.2182,2.84,0.023707,0.31797,0.91321,1.9992
0.8,1.2,1.0955,1.8982,0.6096,0.73403,1.7807,2.2162,2.8388,0.026542,0.31031,0.90915,1.9998
0.8,1.2,1.0953,1.8993,0.61102,0.73492,1.7827,2.2142,2.8382,0.029602,0.30279,0.90679,1.9998
0.8,1.2,1.0948,1.8999,0.61232,0.73602,1.7848,2.2122,2.8381,0.03294,0.29546,0.90648,1.9992
0.8,1.2,1.0949,1.9014,0.61389,0.73675,1.7866,2.2102,2.8369,0.035846,0.28787,0.90244,1.9998
0.8,1.2,1.0948,1.9026,0.61538,0.73765,1.7886,2.2083,2.8362,0.038974,0.28043,0.89997,2
0.8,1.2,1.0945,1.9036,0.61687,0.7386,1.7907,2.2063,2.8356,0.042172,0.27305,0.89785,2
0.8,1.2,1.0942,1.9045,0.61833,0.73535,1.7928,2.2044,2.8352,0.045471,0.26575,0.8963,1.9998
0.8,1.2,1.0939,1.9055,0.61985,0.73634,1.7948,2.2025,2.8347,0.048747,0.25844,0.89435,1.9998
0.8,1.2,1.0936,1.9065,0.62139,0.73736,1.7969,2.2005,2.8341,0.052061,0.25118,0.89246,1.9998
0.8,1.2,1.0932,1.9075,0.62295,0.73839,1.7991,2.1986,2.8336,0.055414,0.24396,0.89063,1.9998
0.8,1.2,1.0929,1.9084,0.62453,0.73945,1.8012,2.1967,2.8331,0.058806,0.23677,0.88885,1.9998
0.8,1.2,1.0925,1.9093,0.62611,0.74053,1.8034,2.1948,2.8327,0.062256,0.22965,0.88725,1.9998
0.8,1.2,1.0923,1.9104,0.62781,0.74155,1.8056,2.193,2.832,0.065653,0.22249,0.88501,2
0.8,1.2,1.0918,1.9112,0.6294,0.73853,1.8078,2.1911,2.8317,0.069233,0.21548,0.88389,1.9998
0.8,1.2,1.0915,1.9122,0.63111,0.73962,1.8101,2.1892,2.8312,0.072746,0.20844,0.882,1.9999
0.8,1.2,1.0909,1.913,0.63276,0.74083,1.8124,2.1874,2.8309,0.076401,0.20151,0.88089,1.9998
0.8,1.2,1.0906,1.914,0.63455,0.74196,1.8147,2.1856,2.8304,0.079997,0.19455,0.87906,2
0.8,1.2,1.0901,1.9148,0.63629,0.74316,1.817,2.1838,2.83,0.083702,0.18769,0.87774,2
0.8,1.2,1.0896,1.9157,0.63807,0.74439,1.8194,2.182,2.8296,0.087458,0.18088,0.87648,2
0.8,1.2,1.0891,1.9165,0.63986,0.74154,1.8218,2.1802,2.8293,0.091281,0.17414,0.87541,2
0.8,1.2,1.0884,1.9171,0.6416,0.74289,1.8243,2.1784,2.8292,0.095218,0.16751,0.87482,1.9997
0.8,1.2,1.0879,1.9179,0.64345,0.7442,1.8268,2.1767,2.8289,0.099142,0.16088,0.87383,1.9997
0.8,1.2,1.0874,1.9188,0.64545,0.74548,1.8293,2.1749,2.8285,0.10306,0.15425,0.87245,1.9999
0.8,1.2,1.0868,1.9195,0.64738,0.74685,1.8319,2.1732,2.8283,0.10711,0.14775,0.87164,1.9999
0.8,1.2,1.0862,1.9203,0.64936,0.74824,1.8345,2.1715,2.828,0.11122,0.1413,0.87083,2
0.8,1.2,1.0855,1.9209,0.65134,0.74565,1.8371,2.1698,2.8279,0.11542,0.13495,0.87031,1.9999
0.8,1.2,1.0847,1.9215,0.65323,0.74719,1.8399,2.1682,2.8279,0.11975,0.12873,0.87028,1.9996
0.8,1.2,1.0839,1.9221,0.6553,0.7487,1.8426,2.1665,2.8278,0.12409,0.12253,0.86989,1.9996
0.8,1.2,1.0832,1.9228,0.6574,0.75025,1.8454,2.1649,2.8277,0.1285,0.11641,0.86962,1.9996
0.8,1.2,1.0824,1.9234,0.65955,0.75184,1.8483,2.1633,2.8277,0.13302,0.11038,0.86948,1.9995
0.8,1.2,1.0817,1.9241,0.66199,0.75337,1.8512,2.1617,2.8275,0.13753,0.10435,0.86891,2
0.8,1.2,1.0808,1.9246,0.66421,0.7511,1.8542,2.1602,2.8276,0.14225,0.098536,0.86915,1.9999
0.8,1.2,1.0798,1.925,0.66632,0.75289,1.8572,2.1587,2.8278,0.1471,0.092869,0.86979,1.9995
0.8,1.2,1.0788,1.9255,0.66866,0.75466,1.8604,2.1572,2.8279,0.15202,0.087262,0.87025,1.9995
0.8,1.2,1.078,1.9261,0.67133,0.75642,1.8635,2.1558,2.828,0.15701,0.081719,0.87053,1.9998
0.8,1.2,1.077,1.9265,0.67392,0.75828,1.8668,2.1543,2.8282,0.16216,0.076355,0.87127,2
0.8,1.2,1.0759,1.9269,0.67653,0.75633,1.8702,2.153,2.8285,0.16747,0.071153,0.87229,2
0.8,1.2,1.0745,1.9271,0.67851,0.7585,1.8737,2.1517,2.8289,0.173,0.06619,0.87401,1.999
0.8,1.2,1.0732,1.9274,0.68095,0.76064,1.8772,2.1504,2.8294,0.17863,0.061324,0.87552,1.9985
0.8,1.2,1.0721,1.9278,0.68425,0.7627,1.8809,2.1491,2.8298,0.18441,0.056589,0.87694,1.9992
0.8,1.2,1.0702,1.928,0.68522,0.76528,1.8847,2.1479,2.8304,0.19043,0.052122,0.87903,1.9965
0.8,1.2,1.0687,1.9282,0.68778,0.76766,1.8886,2.1468,2.831,0.19657,0.047774,0.88122,1.9959
0.8,1.2,1.0663,1.9284,0.68744,0.76674,1.8926,2.1457,2.8317,0.20282,0.043538,0.88368,1.9914
0.8,1.2,1.0639,1.9285,0.68713,0.76969,1.8966,2.1446,2.8325,0.20918,0.039448,0.88656,1.9867
0.8,1.2,1.0618,1.9287,0.68819,0.7725,1.9008,2.1436,2.8332,0.21572,0.03549,0.88909,1.9838
0.8,1.2,1.0594,1.9288,0.6883,0.77552,1.905,2.1425,2.834,0.22238,0.031686,0.89211,1.9796
0.8,1.2,1.0566,1.9288,0.68743,0.77499,1.9094,2.1416,2.835,0.22926,0.028106,0.89545,1.974
0.8,1.2,1.0543,1.9287,0.68847,0.77812,1.9139,2.1407,2.836,0.23641,0.024801,0.89918,1.9706
0.8,1.2,1.0514,1.9286,0.6881,0.78146,1.9185,2.1399,2.8372,0.24366,0.021641,0.90337,1.9653
0.8,1.2,1.049,1.9285,0.68927,0.78467,1.9232,2.1391,2.8384,0.25107,0.018607,0.90748,1.962
0.8,1.2,1.0464,1.9284,0.69,0.78804,1.928,2.1383,2.8395,0.25867,0.015734,0.91158,1.958
0.8,1.2,1.0435,1.9282,0.68995,0.78779,1.9329,2.1376,2.8409,0.26638,0.013043,0.91642,1.9529
0.8,1.2,1.0407,1.9279,0.69045,0.79134,1.9379,2.137,2.8422,0.2743,0.01054,0.92129,1.9484
0.8,1.2,1.0379,1.9277,0.69127,0.79142,1.9431,2.1364,2.8436,0.28246,0.0082433,0.92619,1.9442
0.8,1.2,1.0347,1.9272,0.69105,0.79502,1.9484,2.1358,2.8452,0.29075,0.006165,0.93192,1.9385
0.8,1.2,1.0317,1.9268,0.69195,0.79611,1.9538,2.1353,2.8469,0.29932,0.0043349,0.93773,1.9341
0.8,1.2,1.0288,1.9263,0.69318,0.79898,1.9594,2.1349,2.8486,0.30817,0.0027889,0.94396,1.9299
0.8,1.2,1.0255,1.9258,0.6938,0.80312,1.9653,2.1346,2.8504,0.31739,0.0015711,0.9504,1.9248
0.8,1.2,1.0218,1.925,0.69353,0.80384,1.9713,2.1344,2.8524,0.32689,0.00070339,0.9576,1.9184
0.8,1.2,1.0184,1.9242,0.69452,0.80821,1.9776,2.1342,2.8546,0.33679,0.00024072,0.96535,1.9132
0.8,1.2,1.097,1.8962,0.59521,0.73333,1.7684,2.2347,2.838,0.0070942,0.38033,0.90615,1.9998
0.8,1.2,1.0969,1.8975,0.5965,0.73417,1.77,2.2325,2.8371,0.0095647,0.37221,0.90304,1.9998
0.8,1.2,1.0969,1.8987,0.5978,0.73493,1.7717,2.2305,2.8363,0.012358,0.36442,0.90028,1.9999
0.8,1.2,1.0969,1.9,0.59912,0.73567,1.7735,2.2284,2.8355,0.015167,0.35666,0.89732,2
0.8,1.2,1.0968,1.9011,0.60045,0.73546,1.7753,2.2264,2.8348,0.018031,0.34893,0.89469,2
0.8,1.2,1.0966,1.9021,0.60177,0.73295,1.7772,2.2243,2.8342,0.020979,0.34126,0.89267,1.9998
0.8,1.2,1.0965,1.9033,0.60314,0.73374,1.779,2.2223,2.8334,0.023869,0.33358,0.88985,2
0.8,1.2,1.0963,1.9043,0.60448,0.73463,1.781,2.2203,2.8328,0.026874,0.32597,0.88791,1.9998
0.8,1.2,1.0962,1.9055,0.60589,0.73544,1.7828,2.2183,2.832,0.02981,0.31834,0.88506,2
0.8,1.2,1.096,1.9066,0.6073,0.73631,1.7847,2.2163,2.8314,0.032827,0.31077,0.88274,2
0.8,1.2,1.0958,1.9077,0.60871,0.7372,1.7867,2.2143,2.8308,0.035876,0.30323,0.88046,2
0.8,1.2,1.0957,1.9088,0.61016,0.73809,1.7886,2.2123,2.8301,0.038949,0.29572,0.87813,2
0.8,1.2,1.0954,1.9098,0.61161,0.73474,1.7906,2.2103,2.8295,0.042072,0.28826,0.87604,2
0.8,1.2,1.0952,1.9109,0.61309,0.73568,1.7926,2.2084,2.8289,0.045218,0.28082,0.8739,2
0.8,1.2,1.095,1.9119,0.61458,0.73664,1.7946,2.2064,2.8283,0.048398,0.27342,0.87182,2
0.8,1.2,1.0947,1.9129,0.61609,0.73762,1.7967,2.2045,2.8278,0.051614,0.26605,0.86978,2
0.8,1.2,1.0944,1.9139,0.61762,0.73861,1.7987,2.2025,2.8272,0.054867,0.25872,0.8678,2
0.8,1.2,1.0941,1.9149,0.61917,0.73962,1.8008,2.2006,2.8267,0.058157,0.25143,0.86587,2
0.8,1.2,1.0938,1.9159,0.62076,0.74063,1.8029,2.1987,2.8261,0.061473,0.24418,0.86389,2
0.8,1.2,1.0934,1.9168,0.6223,0.73754,1.8051,2.1968,2.8257,0.064897,0.23701,0.86255,1.9998
0.8,1.2,1.093,1.9177,0.6239,0.73863,1.8073,2.1949,2.8253,0.06832,0.22985,0.86091,1.9998
0.8,1.2,1.0928,1.9187,0.6256,0.73967,1.8094,2.193,2.8246,0.07171,0.22268,0.85874,2
0.8,1.2,1.0923,1.9196,0.62721,0.74083,1.8116,2.1911,2.8243,0.075251,0.21564,0.85747,1.9998
0.8,1.2,1.092,1.9206,0.62895,0.74192,1.8139,2.1893,2.8237,0.078741,0.20857,0.85553,2
0.8,1.2,1.0915,1.9215,0.63066,0.74308,1.8161,2.1874,2.8233,0.08233,0.20159,0.85405,2
0.8,1.2,1.0911,1.9223,0.63239,0.74015,1.8184,2.1856,2.8229,0.085966,0.19466,0.85265,1.9999
0.8,1.2,1.0905,1.9231,0.63408,0.74142,1.8208,2.1838,2.8227,0.089715,0.18783,0.85177,1.9997
0.8,1.2,1.09,1.9239,0.63586,0.74265,1.8232,2.182,2.8223,0.09345,0.181,0.8505,1.9997
0.8,1.2,1.0895,1.9247,0.63768,0.74392,1.8256,2.1802,2.822,0.097242,0.17423,0.84931,1.9997
0.8,1.2,1.0891,1.9257,0.63961,0.74514,1.828,2.1784,2.8215,0.10103,0.16746,0.84773,1.9999
0.8,1.2,1.0885,1.9264,0.64149,0.74646,1.8305,2.1767,2.8213,0.10493,0.16081,0.8467,1.9999
0.8,1.2,1.088,1.9272,0.64343,0.74376,1.833,2.1749,2.821,0.10889,0.15421,0.84568,2
0.8,1.2,1.0872,1.9278,0.64523,0.74521,1.8356,2.1732,2.8209,0.113,0.14777,0.84541,1.9997
0.8,1.2,1.0866,1.9285,0.64721,0.74662,1.8382,2.1715,2.8207,0.1171,0.14131,0.84467,1.9996
0.8,1.2,1.0859,1.9293,0.64922,0.74806,1.8409,2.1698,2.8205,0.12128,0.13494,0.84404,1.9996
0.8,1.2,1.0852,1.9299,0.65126,0.74954,1.8435,2.1682,2.8204,0.12553,0.12864,0.84352,1.9996
0.8,1.2,1.0845,1.9306,0.65339,0.75104,1.8463,2.1665,2.8202,0.12984,0.12241,0.84299,1.9997
0.8,1.2,1.0838,1.9314,0.65565,0.74858,1.849,2.1649,2.82,0.1342,0.11623,0.84236,1.9999
0.8,1.2,1.0829,1.9318,0.65764,0.75025,1.8519,2.1633,2.8201,0.13876,0.11026,0.84267,1.9995
0.8,1.2,1.0821,1.9324,0.65991,0.75187,1.8548,2.1617,2.8201,0.14334,0.10429,0.84254,1.9996
0.8,1.2,1.0812,1.933,0.66217,0.75356,1.8578,2.1602,2.8201,0.14803,0.098451,0.84266,1.9996
0.8,1.2,1.0804,1.9336,0.6647,0.75523,1.8608,2.1587,2.8201,0.15277,0.092663,0.84259,1.9999
0.8,1.2,1.0795,1.9341,0.66716,0.75699,1.8639,2.1572,2.8202,0.15767,0.087033,0.84295,2
0.8,1.2,1.0783,1.9344,0.6692,0.75506,1.8672,2.1557,2.8205,0.16279,0.081643,0.84414,1.9993
0.8,1.2,1.0773,1.9349,0.67175,0.75695,1.8705,2.1543,2.8207,0.16794,0.076275,0.84485,1.9993
0.8,1.2,1.0762,1.9353,0.67424,0.75894,1.8738,2.153,2.821,0.17326,0.071084,0.8459,1.9991
0.8,1.2,1.0752,1.9357,0.67737,0.76086,1.8773,2.1516,2.8213,0.17868,0.06598,0.8468,1.9998
0.8,1.2,1.0736,1.9359,0.67915,0.76316,1.8809,2.1503,2.8218,0.18437,0.061189,0.84869,1.9983
0.8,1.2,1.0726,1.9363,0.68254,0.76524,1.8846,2.1491,2.8222,0.19016,0.056469,0.85013,1.9991
0.8,1.2,1.0709,1.9365,0.6842,0.76772,1.8884,2.1479,2.8228,0.1962,0.052022,0.85224,1.9974
0.8,1.2,1.0689,1.9368,0.68524,0.77037,1.8923,2.1468,2.8234,0.20238,0.047709,0.85447,1.9947
0.8,1.2,1.0665,1.937,0.68487,0.77292,1.8963,2.1457,2.8242,0.20866,0.043513,0.857,1.9901
0.8,1.2,1.0645,1.9372,0.68595,0.77602,1.9003,2.1446,2.8249,0.21504,0.039418,0.85961,1.9873
0.8,1.2,1.062,1.9373,0.68554,0.77722,1.9045,2.1436,2.8257,0.22159,0.035492,0.86246,1.9825
0.8,1.2,1.0595,1.9374,0.68545,0.77831,1.9087,2.1426,2.8266,0.22825,0.031712,0.86578,1.978
0.8,1.2,1.0572,1.9375,0.68619,0.78133,1.9131,2.1416,2.8276,0.23511,0.028118,0.86909,1.9745
0.8,1.2,1.0547,1.9376,0.68667,0.78075,1.9176,2.1407,2.8285,0.24229,0.024817,0.87256,1.9704
0.8,1.2,1.052,1.9374,0.68675,0.78406,1.9222,2.1399,2.8297,0.24956,0.021666,0.87677,1.9657
0.8,1.2,1.0492,1.9373,0.68656,0.7875,1.927,2.1391,2.8308,0.25705,0.01869,0.8807,1.9606
0.8,1.2,1.0465,1.9371,0.68722,0.78711,1.9318,2.1384,2.8321,0.26462,0.015851,0.88535,1.9565
0.8,1.2,1.0439,1.937,0.68812,0.79053,1.9367,2.1377,2.8334,0.27238,0.013187,0.88999,1.9526
0.8,1.2,1.0411,1.9367,0.68899,0.79036,1.9418,2.137,2.8348,0.28034,0.010721,0.89491,1.9485
0.8,1.2,1.0379,1.9363,0.68842,0.79413,1.9469,2.1364,2.8363,0.2885,0.0084647,0.90013,1.9425
0.8,1.2,1.035,1.936,0.68921,0.79483,1.9523,2.1359,2.8378,0.29687,0.0064307,0.90565,1.9381
0.8,1.2,1.032,1.9355,0.68996,0.798,1.9577,2.1354,2.8395,0.3055,0.0046591,0.91156,1.9334
0.8,1.2,1.0288,1.9351,0.69062,0.80201,1.9634,2.135,2.8412,0.31446,0.0031765,0.91763,1.9285
0.8,1.2,1.0254,1.9343,0.69096,0.80248,1.9692,2.1347,2.8432,0.32362,0.0020095,0.92464,1.923
0.8,1.2,1.0221,1.9336,0.69189,0.80672,1.9753,2.1345,2.8452,0.33322,0.0012417,0.93197,1.918
0.8,1.2,1.0975,1.9046,0.59291,0.7357,1.7725,2.2349,2.8306,0.013623,0.38107,0.87999,2
0.8,1.2,1.0974,1.9058,0.59419,0.73209,1.7743,2.2328,2.8299,0.016379,0.37322,0.87738,2
0.8,1.2,1.0972,1.9068,0.59548,0.7329,1.7761,2.2307,2.8293,0.019205,0.36542,0.87519,1.9998
0.8,1.2,1.0972,1.908,0.5968,0.73367,1.7779,2.2287,2.8285,0.022011,0.35764,0.87245,1.9999
0.8,1.2,1.0971,1.9091,0.59813,0.73447,1.7797,2.2266,2.8278,0.024853,0.34989,0.86986,1.9999
0.8,1.2,1.097,1.9103,0.59948,0.73527,1.7815,2.2246,2.8271,0.027723,0.34216,0.86732,1.9998
0.8,1.2,1.0969,1.9115,0.60086,0.73606,1.7833,2.2225,2.8263,0.03059,0.33446,0.86447,2
0.8,1.2,1.0968,1.9127,0.60225,0.73689,1.7852,2.2205,2.8255,0.033507,0.32679,0.86189,2
0.8,1.2,1.0966,1.9138,0.60364,0.73774,1.787,2.2185,2.8249,0.036464,0.31916,0.85948,2
0.8,1.2,1.0964,1.9148,0.60505,0.73434,1.7889,2.2165,2.8242,0.039459,0.31156,0.85722,2
0.8,1.2,1.0962,1.9158,0.60646,0.73526,1.7909,2.2145,2.8237,0.042513,0.30401,0.85525,1.9998
0.8,1.2,1.096,1.9169,0.6079,0.73617,1.7928,2.2125,2.823,0.045562,0.29647,0.85297,1.9998
0.8,1.2,1.0959,1.9181,0.60939,0.73705,1.7947,2.2105,2.8223,0.048608,0.28895,0.85038,2
0.8,1.2,1.0956,1.9191,0.61087,0.73799,1.7967,2.2085,2.8217,0.051723,0.28148,0.8482,2
0.8,1.2,1.0954,1.9202,0.61238,0.73894,1.7987,2.2066,2.8211,0.054873,0.27405,0.84605,2
0.8,1.2,1.0952,1.9212,0.61391,0.7399,1.8007,2.2046,2.8205,0.058049,0.26664,0.84388,2
0.8,1.2,1.0948,1.9221,0.61541,0.73675,1.8028,2.2027,2.82,0.061323,0.25931,0.84232,1.9998
0.8,1.2,1.0945,1.9231,0.61697,0.73776,1.8049,2.2008,2.8195,0.064582,0.25199,0.84035,1.9998
0.8,1.2,1.0943,1.9242,0.61859,0.73876,1.8069,2.1988,2.8188,0.067842,0.24469,0.83808,2
0.8,1.2,1.0939,1.9252,0.6202,0.73981,1.8091,2.1969,2.8183,0.071183,0.23745,0.83623,2
0.8,1.2,1.0936,1.9261,0.62182,0.74088,1.8112,2.195,2.8178,0.074566,0.23026,0.83444,2
0.8,1.2,1.0932,1.927,0.62343,0.74201,1.8134,2.1931,2.8174,0.078035,0.22314,0.83307,1.9998
0.8,1.2,1.0929,1.928,0.62515,0.73897,1.8156,2.1912,2.8169,0.08146,0.21601,0.83103,2
0.8,1.2,1.0924,1.9288,0.6268,0.74015,1.8178,2.1894,2.8165,0.085019,0.20898,0.82981,1.9998
0.8,1.2,1.0919,1.9297,0.62852,0.74132,1.8201,2.1875,2.8161,0.088581,0.20197,0.82828,1.9998
0.8,1.2,1.0911,1.9301,0.62997,0.74273,1.8225,2.1857,2.8162,0.092426,0.1952,0.82871,1.9989
0.8,1.2,1.0911,1.9315,0.63211,0.74367,1.8247,2.1839,2.8152,0.09581,0.18808,0.82509,1.9999
0.8,1.2,1.0906,1.9324,0.63392,0.74491,1.827,2.1821,2.8148,0.099524,0.18123,0.82376,2
0.8,1.2,1.0901,1.9333,0.63577,0.74616,1.8294,2.1803,2.8144,0.10328,0.17443,0.82245,2
0.8,1.2,1.0895,1.9339,0.63752,0.74349,1.8319,2.1785,2.8143,0.10718,0.16775,0.8219,1.9997
0.8,1.2,1.0889,1.9347,0.63941,0.74482,1.8344,2.1767,2.814,0.11107,0.16109,0.82085,1.9997
0.8,1.2,1.0883,1.9355,0.64133,0.74617,1.8369,2.175,2.8137,0.11502,0.15448,0.81989,1.9997
0.8,1.2,1.0878,1.9363,0.64341,0.74749,1.8394,2.1732,2.8133,0.11898,0.14788,0.81855,1.9999
0.8,1.2,1.0872,1.9371,0.64542,0.7489,1.842,2.1715,2.8131,0.12306,0.14142,0.81777,1.9999
0.8,1.2,1.0865,1.9378,0.64748,0.75033,1.8446,2.1698,2.8129,0.12721,0.13501,0.81703,2
0.8,1.2,1.0857,1.9383,0.64938,0.74795,1.8474,2.1682,2.8129,0.13152,0.12877,0.81707,1.9996
0.8,1.2,1.0851,1.9391,0.65165,0.74941,1.85,2.1665,2.8127,0.13577,0.12248,0.81617,1.9999
0.8,1.2,1.0842,1.9396,0.65363,0.75104,1.8529,2.1649,2.8127,0.14023,0.1164,0.81634,1.9996
0.8,1.2,1.0835,1.9404,0.65604,0.75257,1.8557,2.1633,2.8125,0.14465,0.11028,0.81567,1.9999
0.8,1.2,1.0827,1.941,0.65829,0.75422,1.8586,2.1617,2.8125,0.14923,0.10432,0.81566,1.9999
0.8,1.2,1.0819,1.9415,0.66065,0.75202,1.8616,2.1602,2.8125,0.15391,0.098462,0.81569,2
0.8,1.2,1.0808,1.942,0.66275,0.75384,1.8646,2.1587,2.8127,0.15876,0.092794,0.81641,1.9995
0.8,1.2,1.0798,1.9424,0.66514,0.75565,1.8677,2.1572,2.8129,0.16367,0.087176,0.81685,1.9995
0.8,1.2,1.0788,1.9429,0.66757,0.75751,1.8709,2.1558,2.813,0.1687,0.08169,0.81748,1.9994
0.8,1.2,1.0779,1.9434,0.67045,0.75934,1.8742,2.1543,2.8132,0.17382,0.076281,0.81794,1.9998
0.8,1.2,1.0768,1.9438,0.67305,0.76133,1.8776,2.153,2.8135,0.17914,0.071093,0.81899,1.9998
0.8,1.2,1.0757,1.9442,0.67574,0.76339,1.8811,2.1516,2.8138,0.18464,0.066086,0.82031,1.9998
0.8,1.2,1.0744,1.9446,0.67845,0.76554,1.8847,2.1504,2.8143,0.19033,0.061274,0.82189,1.9996
0.8,1.2,1.073,1.945,0.68089,0.76784,1.8884,2.1491,2.8148,0.19623,0.056675,0.82379,1.999
0.8,1.2,1.071,1.9453,0.68156,0.77051,1.8923,2.148,2.8154,0.2023,0.052264,0.82595,1.996
0.8,1.2,1.0687,1.9454,0.68154,0.7733,1.8962,2.1469,2.8162,0.20848,0.047981,0.82856,1.9918
0.8,1.2,1.0668,1.9458,0.68253,0.77602,1.9002,2.1457,2.8168,0.2148,0.043796,0.83076,1.9891
0.8,1.2,1.0646,1.946,0.68332,0.77503,1.9042,2.1447,2.8176,0.22119,0.03973,0.83369,1.9859
0.8,1.2,1.0626,1.9462,0.6844,0.77785,1.9084,2.1436,2.8184,0.22772,0.035799,0.83652,1.9831
0.8,1.2,1.0599,1.9463,0.68379,0.78099,1.9127,2.1426,2.8192,0.23446,0.03204,0.83933,1.9779
0.8,1.2,1.0573,1.9463,0.68349,0.7804,1.917,2.1417,2.8202,0.2413,0.028455,0.84293,1.973
0.8,1.2,1.0549,1.9463,0.68449,0.78351,1.9215,2.1408,2.8212,0.24844,0.025144,0.84665,1.9696
0.8,1.2,1.0523,1.9462,0.68483,0.78681,1.9262,2.14,2.8224,0.25577,0.022031,0.85065,1.9652
0.8,1.2,1.0496,1.9462,0.68492,0.78649,1.931,2.1392,2.8235,0.26329,0.019071,0.85462,1.9605
0.8,1.2,1.047,1.946,0.68588,0.78982,1.9358,2.1385,2.8248,0.27087,0.016251,0.85928,1.9567
0.8,1.2,1.0441,1.9458,0.68602,0.7897,1.9407,2.1378,2.8261,0.27873,0.013644,0.86375,1.9518
0.8,1.2,1.0412,1.9455,0.68631,0.7933,1.9458,2.1371,2.8275,0.28672,0.011215,0.86873,1.947
0.8,1.2,1.0383,1.9452,0.68694,0.79697,1.951,2.1366,2.8289,0.29493,0.0090064,0.87401,1.9424
0.8,1.2,1.0353,1.9447,0.68768,0.79704,1.9563,2.136,2.8306,0.30331,0.0070257,0.87986,1.9379
0.8,1.2,1.0323,1.9443,0.68848,0.80091,1.9619,2.1356,2.8323,0.31202,0.0053341,0.88588,1.9332
0.8,1.2,1.0287,1.9432,0.68792,0.79842,1.9674,2.1352,2.8344,0.32069,0.0039011,0.89358,1.9267
0.8,1.2,1.0253,1.9429,0.68834,0.80561,1.9735,2.1349,2.836,0.33032,0.0028722,0.89923,1.9213
0.8,1.2,1.0977,1.9125,0.59063,0.73371,1.7771,2.2352,2.8238,0.020836,0.38241,0.85585,1.9998
0.8,1.2,1.0977,1.9137,0.59193,0.73446,1.7788,2.2331,2.8231,0.023555,0.37454,0.85308,1.9998
0.8,1.2,1.0976,1.9149,0.59323,0.73522,1.7806,2.2311,2.8223,0.026305,0.36669,0.85036,1.9998
0.8,1.2,1.0976,1.9162,0.59458,0.73595,1.7823,2.229,2.8214,0.029046,0.35887,0.84721,2
0.8,1.2,1.0975,1.9174,0.59592,0.73673,1.7841,2.2269,2.8206,0.031845,0.35108,0.84448,2
0.8,1.2,1.0974,1.9185,0.59727,0.73326,1.7859,2.2249,2.8199,0.034689,0.34332,0.84198,2
0.8,1.2,1.0973,1.9196,0.59865,0.73408,1.7877,2.2228,2.8192,0.037552,0.33559,0.83943,2
0.8,1.2,1.0971,1.9207,0.60004,0.73492,1.7896,2.2208,2.8185,0.040445,0.32789,0.83692,2
0.8,1.2,1.0969,1.9218,0.60143,0.73581,1.7914,2.2188,2.8179,0.043399,0.32023,0.83481,1.9998
0.8,1.2,1.0968,1.9229,0.60285,0.73668,1.7933,2.2168,2.8172,0.046355,0.3126,0.8324,1.9998
0.8,1.2,1.0967,1.9241,0.60431,0.73753,1.7952,2.2148,2.8165,0.049309,0.30499,0.82967,2
0.8,1.2,1.0965,1.9252,0.60578,0.73842,1.7971,2.2128,2.8158,0.052318,0.29741,0.82725,2
0.8,1.2,1.0963,1.9263,0.60725,0.73515,1.799,2.2108,2.8151,0.055371,0.28988,0.82498,2
0.8,1.2,1.096,1.9272,0.60871,0.73614,1.801,2.2088,2.8147,0.05851,0.2824,0.82331,1.9998
0.8,1.2,1.0954,1.9277,0.61007,0.73727,1.8031,2.2068,2.8146,0.061806,0.27502,0.82291,1.9992
0.8,1.2,1.0955,1.9293,0.61176,0.73806,1.805,2.2049,2.8134,0.064774,0.2675,0.8189,1.9998
0.8,1.2,1.0953,1.9304,0.61335,0.73901,1.807,2.2029,2.8128,0.067929,0.2601,0.81647,2
0.8,1.2,1.095,1.9314,0.61493,0.74002,1.809,2.201,2.8122,0.071153,0.25274,0.81437,2
0.8,1.2,1.0947,1.9324,0.61653,0.74105,1.8111,2.199,2.8116,0.074424,0.24543,0.81241,2
0.8,1.2,1.0944,1.9334,0.61814,0.738,1.8132,2.1971,2.8111,0.077746,0.23817,0.81061,2
0.8,1.2,1.0936,1.9337,0.61952,0.73931,1.8155,2.1952,2.8112,0.081344,0.23111,0.81102,1.9991
0.8,1.2,1.0936,1.9352,0.62138,0.74022,1.8175,2.1933,2.8102,0.084545,0.2238,0.80748,1.9998
0.8,1.2,1.0928,1.9356,0.62284,0.74153,1.8199,2.1915,2.8102,0.088186,0.21681,0.80754,1.999
0.8,1.2,1.0928,1.9371,0.62478,0.74248,1.8219,2.1895,2.8093,0.091475,0.20959,0.80413,1.9997
0.8,1.2,1.0925,1.9381,0.62659,0.74359,1.8242,2.1877,2.8087,0.094957,0.20251,0.8021,1.9999
0.8,1.2,1.0921,1.939,0.62837,0.74477,1.8264,2.1858,2.8083,0.098534,0.19552,0.80051,2
0.8,1.2,1.0915,1.9397,0.63007,0.74202,1.8288,2.184,2.808,0.10223,0.18864,0.79966,1.9997
0.8,1.2,1.091,1.9406,0.63189,0.74326,1.8311,2.1822,2.8077,0.10593,0.18177,0.79832,1.9997
0.8,1.2,1.0905,1.9414,0.63373,0.74453,1.8335,2.1804,2.8073,0.10967,0.17495,0.79706,1.9997
0.8,1.2,1.0899,1.9422,0.63561,0.74583,1.8359,2.1786,2.807,0.11348,0.1682,0.79589,1.9997
0.8,1.2,1.0895,1.9432,0.63762,0.7471,1.8383,2.1768,2.8065,0.11729,0.16146,0.79434,1.9999
0.8,1.2,1.0889,1.9439,0.63957,0.74845,1.8408,2.1751,2.8063,0.12122,0.15483,0.79335,1.9999
0.8,1.2,1.0883,1.9447,0.64155,0.74589,1.8434,2.1734,2.806,0.12522,0.14827,0.79247,1.9999
0.8,1.2,1.0875,1.9453,0.64345,0.74737,1.846,2.1717,2.8059,0.12934,0.14184,0.79214,1.9997
0.8,1.2,1.0869,1.9461,0.64554,0.74882,1.8486,2.17,2.8057,0.13347,0.13542,0.79135,1.9997
0.8,1.2,1.0863,1.9469,0.64774,0.75027,1.8512,2.1683,2.8054,0.13765,0.12905,0.79044,1.9999
0.8,1.2,1.0856,1.9475,0.64989,0.75179,1.854,2.1666,2.8053,0.14195,0.1228,0.78997,1.9999
0.8,1.2,1.0848,1.9482,0.6521,0.75335,1.8567,2.165,2.8052,0.14632,0.11663,0.78958,2
0.8,1.2,1.0839,1.9487,0.65416,0.75116,1.8596,2.1634,2.8053,0.15086,0.11063,0.78984,1.9996
0.8,1.2,1.0831,1.9493,0.65643,0.75283,1.8625,2.1618,2.8053,0.15544,0.10467,0.7898,1.9996
0.8,1.2,1.0822,1.9498,0.65874,0.75454,1.8655,2.1603,2.8053,0.16012,0.098828,0.78992,1.9996
0.8,1.2,1.0813,1.9504,0.6611,0.75631,1.8685,2.1588,2.8054,0.16492,0.093096,0.7902,1.9995
0.8,1.2,1.0803,1.9509,0.66345,0.75814,1.8717,2.1573,2.8055,0.16985,0.087505,0.79078,1.9994
0.8,1.2,1.0793,1.9514,0.666,0.76,1.8749,2.1558,2.8057,0.17489,0.08202,0.79132,1.9994
0.8,1.2,1.0784,1.952,0.66884,0.76187,1.8781,2.1544,2.8058,0.18004,0.076642,0.79181,1.9998
0.8,1.2,1.0773,1.9525,0.67148,0.76388,1.8815,2.1531,2.8061,0.18539,0.071482,0.7929,1.9998
0.8,1.2,1.0761,1.9529,0.67414,0.76598,1.885,2.1517,2.8065,0.19092,0.066506,0.79426,1.9997
0.8,1.2,1.0745,1.9532,0.67582,0.76833,1.8887,2.1505,2.8071,0.19668,0.061786,0.79627,1.9981
0.8,1.2,1.073,1.9537,0.67787,0.7707,1.8924,2.1493,2.8076,0.20258,0.057194,0.79816,1.997
0.8,1.2,1.0712,1.954,0.6792,0.77326,1.8963,2.1481,2.8082,0.20866,0.052797,0.80034,1.9948
0.8,1.2,1.0692,1.9544,0.68008,0.77221,1.9003,2.147,2.8088,0.21491,0.048537,0.80238,1.992
0.8,1.2,1.0672,1.9547,0.68117,0.77491,1.9043,2.1459,2.8095,0.22121,0.044363,0.80495,1.9893
0.8,1.2,1.065,1.9549,0.68139,0.77779,1.9083,2.1448,2.8103,0.22764,0.040314,0.80762,1.9854
0.8,1.2,1.0627,1.9551,0.68176,0.77931,1.9125,2.1438,2.8111,0.23421,0.036418,0.81051,1.9816
0.8,1.2,1.0605,1.9551,0.68282,0.77989,1.9167,2.1428,2.812,0.24088,0.032642,0.81382,1.9786
0.8,1.2,1.0581,1.9553,0.68315,0.78299,1.9211,2.1419,2.8129,0.2478,0.029072,0.8169,1.9745
0.8,1.2,1.0552,1.9551,0.68244,0.78261,1.9256,2.141,2.814,0.25488,0.025734,0.82085,1.9689
0.8,1.2,1.0525,1.955,0.68279,0.78592,1.9303,2.1402,2.8151,0.26224,0.022654,0.8249,1.9645
0.8,1.2,1.05,1.955,0.68369,0.78925,1.9351,2.1394,2.8163,0.26981,0.019751,0.82893,1.9607
0.8,1.2,1.0469,1.9547,0.68315,0.78912,1.9399,2.1387,2.8176,0.27744,0.016986,0.83369,1.955
0.8,1.2,1.0443,1.9546,0.68397,0.79262,1.945,2.138,2.8189,0.28536,0.014426,0.83816,1.951
0.8,1.2,1.0415,1.9543,0.68481,0.79261,1.9501,2.1374,2.8203,0.2934,0.012056,0.84326,1.9467
0.8,1.2,1.0382,1.9538,0.68418,0.79636,1.9553,2.1368,2.8219,0.30162,0.0099021,0.84889,1.9406
0.8,1.2,1.0352,1.9534,0.68493,0.80014,1.9607,2.1363,2.8235,0.31012,0.0080002,0.85461,1.936
0.8,1.2,1.032,1.9529,0.68562,0.80045,1.9662,2.1359,2.8252,0.31888,0.0063696,0.86072,1.9312
0.8,1.2,1.0288,1.9523,0.68626,0.80451,1.972,2.1355,2.827,0.32796,0.0050686,0.86729,1.9261
0.8,1.2,1.0981,1.9207,0.58843,0.73598,1.7818,2.2356,2.8169,0.028229,0.38403,0.83102,2
0.8,1.2,1.0981,1.9219,0.58974,0.73242,1.7835,2.2335,2.816,0.030909,0.37612,0.8281,2
0.8,1.2,1.0979,1.9229,0.59104,0.73324,1.7853,2.2315,2.8154,0.033658,0.36822,0.82591,1.9998
0.8,1.2,1.0974,1.9234,0.59229,0.73423,1.7871,2.2294,2.8153,0.036561,0.36035,0.82554,1.9991
0.8,1.2,1.0978,1.9253,0.59373,0.73481,1.7888,2.2273,2.8139,0.039162,0.35254,0.82048,1.9998
0.8,1.2,1.0973,1.9259,0.59502,0.73578,1.7906,2.2253,2.8136,0.042088,0.34474,0.8196,1.9993
0.8,1.2,1.0976,1.9276,0.59649,0.73642,1.7923,2.2232,2.8124,0.044774,0.33697,0.8151,1.9999
0.8,1.2,1.0975,1.9288,0.5979,0.73723,1.7941,2.2212,2.8115,0.047602,0.32923,0.81218,2
0.8,1.2,1.0974,1.93,0.59932,0.73807,1.7959,2.2191,2.8108,0.05048,0.32152,0.80956,2
0.8,1.2,1.0972,1.9311,0.60075,0.73474,1.7978,2.2171,2.8101,0.053402,0.31384,0.80716,2
0.8,1.2,1.0971,1.9322,0.60221,0.73563,1.7997,2.2151,2.8095,0.056348,0.3062,0.80473,2
0.8,1.2,1.0969,1.9333,0.60368,0.73653,1.8015,2.2131,2.8088,0.059331,0.29859,0.80237,2
0.8,1.2,1.0967,1.9344,0.60516,0.73745,1.8035,2.2111,2.8081,0.062346,0.29102,0.80004,2
0.8,1.2,1.0965,1.9354,0.60667,0.73839,1.8054,2.2091,2.8075,0.065399,0.28349,0.79777,2
0.8,1.2,1.0962,1.9365,0.6082,0.73934,1.8074,2.2071,2.8069,0.068487,0.27599,0.79555,2
0.8,1.2,1.096,1.9376,0.60976,0.74031,1.8093,2.2051,2.8062,0.071604,0.26852,0.79328,2
0.8,1.2,1.0957,1.9386,0.61132,0.7372,1.8113,2.2032,2.8057,0.074775,0.26111,0.79127,2
0.8,1.2,1.095,1.939,0.61269,0.73844,1.8135,2.2012,2.8057,0.078192,0.25383,0.79145,1.9991
0.8,1.2,1.095,1.9405,0.61447,0.7393,1.8155,2.1993,2.8047,0.081261,0.24641,0.78768,1.9998
0.8,1.2,1.0948,1.9416,0.61615,0.7403,1.8175,2.1973,2.804,0.084494,0.23908,0.78526,2
0.8,1.2,1.0945,1.9426,0.61781,0.74138,1.8196,2.1954,2.8035,0.08782,0.23183,0.78339,2
0.8,1.2,1.0941,1.9436,0.61949,0.74248,1.8218,2.1935,2.8029,0.091189,0.22462,0.78158,2
0.8,1.2,1.0938,1.9445,0.6212,0.74359,1.8239,2.1916,2.8024,0.094595,0.21746,0.77975,2
0.8,1.2,1.0933,1.9454,0.62292,0.74071,1.8261,2.1898,2.802,0.098065,0.21035,0.77816,2
0.8,1.2,1.0928,1.9462,0.6246,0.74194,1.8284,2.1879,2.8017,0.10163,0.20332,0.77703,1.9997
0.8,1.2,1.0924,1.9471,0.62638,0.74313,1.8306,2.186,2.8012,0.10519,0.19631,0.7755,1.9997
0.8,1.2,1.0919,1.948,0.62819,0.74435,1.8329,2.1842,2.8008,0.1088,0.18936,0.77405,1.9997
0.8,1.2,1.0914,1.9489,0.63003,0.7456,1.8353,2.1824,2.8004,0.11247,0.18246,0.77267,1.9997
0.8,1.2,1.091,1.9498,0.63198,0.74682,1.8376,2.1806,2.7999,0.11614,0.17559,0.77092,1.9999
0.8,1.2,1.0905,1.9507,0.6339,0.74598,1.84,2.1788,2.7996,0.11992,0.1688,0.76961,2
0.8,1.2,1.0898,1.9514,0.63571,0.74556,1.8425,2.177,2.7994,0.12383,0.16214,0.76908,1.9997
0.8,1.2,1.0892,1.9521,0.63767,0.74693,1.845,2.1753,2.7991,0.12775,0.1555,0.76807,1.9997
0.8,1.2,1.0882,1.9524,0.63924,0.74854,1.8476,2.1736,2.7994,0.13194,0.14911,0.76892,1.9987
0.8,1.2,1.0881,1.9538,0.64182,0.74971,1.85,2.1718,2.7985,0.13573,0.14238,0.76588,1.9999
0.8,1.2,1.0873,1.9544,0.6438,0.75122,1.8527,2.1701,2.7984,0.1399,0.136,0.76554,1.9997
0.8,1.2,1.0867,1.9552,0.64602,0.75267,1.8553,2.1684,2.7982,0.14407,0.12962,0.76461,1.9999
0.8,1.2,1.086,1.956,0.64822,0.75036,1.858,2.1668,2.798,0.14835,0.12336,0.76405,2
0.8,1.2,1.0851,1.9565,0.65021,0.75201,1.8609,2.1652,2.7981,0.15281,0.11727,0.76431,1.9996
0.8,1.2,1.0843,1.9571,0.65245,0.75364,1.8637,2.1636,2.798,0.15729,0.11121,0.76412,1.9995
0.8,1.2,1.0835,1.9578,0.65478,0.75531,1.8666,2.162,2.798,0.16185,0.10524,0.76397,1.9996
0.8,1.2,1.0826,1.9584,0.65712,0.75703,1.8696,2.1604,2.798,0.16654,0.099394,0.76409,1.9996
0.8,1.2,1.0818,1.959,0.65971,0.75876,1.8726,2.1589,2.798,0.1713,0.093624,0.76403,1.9999
0.8,1.2,1.0808,1.9596,0.66218,0.76059,1.8757,2.1574,2.7981,0.17623,0.08803,0.76451,1.9999
0.8,1.2,1.0798,1.9601,0.66472,0.76249,1.8789,2.156,2.7983,0.18129,0.082571,0.76517,1.9999
0.8,1.2,1.0788,1.9607,0.6673,0.76445,1.8822,2.1546,2.7986,0.18651,0.077271,0.76606,1.9998
0.8,1.2,1.0777,1.9612,0.66994,0.76648,1.8857,2.1532,2.7989,0.19189,0.072138,0.76719,1.9998
0.8,1.2,1.0766,1.9617,0.67276,0.76858,1.8892,2.1519,2.7993,0.19744,0.067187,0.76853,1.9999
0.8,1.2,1.0752,1.9622,0.67525,0.77083,1.8928,2.1507,2.7998,0.20322,0.062465,0.7703,1.9995
0.8,1.2,1.0739,1.9627,0.6778,0.77317,1.8966,2.1495,2.8003,0.20916,0.05792,0.77227,1.999
0.8,1.2,1.072,1.9631,0.67891,0.77206,1.9005,2.1483,2.801,0.21529,0.053568,0.77453,1.9965
0.8,1.2,1.0697,1.9632,0.67914,0.77483,1.9044,2.1472,2.8017,0.22147,0.049284,0.77714,1.9927
0.8,1.2,1.0674,1.9635,0.67894,0.77775,1.9085,2.1461,2.8023,0.22787,0.045182,0.77945,1.9883
0.8,1.2,1.0652,1.9637,0.67974,0.77686,1.9125,2.145,2.8032,0.23428,0.04114,0.78241,1.9851
0.8,1.2,1.0631,1.9638,0.68063,0.77972,1.9167,2.144,2.804,0.24084,0.037235,0.78529,1.9819
0.8,1.2,1.0605,1.964,0.68023,0.78284,1.921,2.143,2.8048,0.24763,0.033528,0.78817,1.977
0.8,1.2,1.0582,1.9641,0.68123,0.78218,1.9254,2.1421,2.8057,0.25453,0.029964,0.79153,1.9738
0.8,1.2,1.0555,1.964,0.681,0.78543,1.9299,2.1412,2.8068,0.26164,0.026623,0.7952,1.9688
0.8,1.2,1.0529,1.964,0.68162,0.78872,1.9346,2.1404,2.8079,0.26904,0.023576,0.79925,1.9648
0.8,1.2,1.0503,1.9638,0.68248,0.7884,1.9394,2.1396,2.8092,0.27653,0.020674,0.80387,1.9608
0.8,1.2,1.0474,1.9636,0.6825,0.79193,1.9443,2.1389,2.8104,0.28432,0.017986,0.8082,1.9558
0.8,1.2,1.0445,1.9633,0.68274,0.79187,1.9493,2.1383,2.8119,0.29217,0.015454,0.8133,1.9509
0.8,1.2,1.0416,1.963,0.68325,0.7955,1.9544,2.1377,2.8133,0.30029,0.013159,0.81846,1.9463
0.8,1.2,1.0387,1.9627,0.68405,0.79881,1.9598,2.1371,2.8148,0.3087,0.011112,0.8237,1.9418
0.8,1.2,1.0353,1.9621,0.68361,0.79958,1.9652,2.1366,2.8165,0.31723,0.0092891,0.82981,1.9357
0.8,1.2,1.0321,1.9616,0.68422,0.80358,1.9709,2.1362,2.8182,0.32618,0.0077894,0.83582,1.9307
0.8,1.2,1.0984,1.9285,0.58626,0.73404,1.7867,2.2361,2.8102,0.03588,0.38583,0.80744,1.9998
0.8,1.2,1.0983,1.9297,0.58757,0.73479,1.7883,2.234,2.8094,0.038526,0.37788,0.80456,1.9998
0.8,1.2,1.0983,1.9309,0.5889,0.73555,1.79,2.2319,2.8086,0.041202,0.36995,0.80174,1.9998
0.8,1.2,1.0982,1.9321,0.59025,0.73632,1.7918,2.2298,2.8078,0.043905,0.36206,0.79895,1.9998
0.8,1.2,1.0982,1.9335,0.59164,0.73706,1.7935,2.2278,2.8069,0.046598,0.3542,0.79561,2
0.8,1.2,1.0981,1.9347,0.59302,0.73786,1.7952,2.2257,2.8061,0.049358,0.34637,0.79291,2
0.8,1.2,1.098,1.9358,0.59441,0.73449,1.797,2.2236,2.8054,0.052152,0.33856,0.79036,2
0.8,1.2,1.0979,1.9369,0.59582,0.73533,1.7988,2.2216,2.8047,0.054968,0.33078,0.78774,2
0.8,1.2,1.0973,1.9374,0.59713,0.73639,1.8007,2.2195,2.8046,0.057978,0.32303,0.78741,1.9992
0.8,1.2,1.0976,1.9392,0.5987,0.73704,1.8024,2.2175,2.8032,0.06069,0.31532,0.78254,2
0.8,1.2,1.0974,1.9403,0.60016,0.73794,1.8043,2.2155,2.8025,0.063609,0.30764,0.78016,2
0.8,1.2,1.0972,1.9414,0.60164,0.73884,1.8061,2.2134,2.8019,0.066558,0.3,0.77773,2
0.8,1.2,1.0971,1.9425,0.60314,0.73976,1.808,2.2114,2.8012,0.06954,0.29239,0.77535,2
0.8,1.2,1.0968,1.9436,0.60466,0.73658,1.8099,2.2094,2.8005,0.072557,0.28482,0.77302,2
0.8,1.2,1.0966,1.9447,0.6062,0.73754,1.8119,2.2074,2.7999,0.075607,0.27728,0.77075,2
0.8,1.2,1.0963,1.9456,0.60773,0.73855,1.8139,2.2055,2.7994,0.078726,0.26979,0.76888,1.9998
0.8,1.2,1.096,1.9467,0.60931,0.73955,1.8158,2.2035,2.7988,0.081854,0.26234,0.76671,1.9998
0.8,1.2,1.0958,1.9477,0.61091,0.74056,1.8178,2.2015,2.7982,0.085022,0.25492,0.76461,1.9998
0.8,1.2,1.0955,1.9488,0.61256,0.74156,1.8199,2.1996,2.7975,0.0882,0.24754,0.76221,2
0.8,1.2,1.0952,1.9498,0.61421,0.74262,1.8219,2.1976,2.7969,0.091455,0.24021,0.76023,2
0.8,1.2,1.0949,1.9508,0.61588,0.73967,1.824,2.1957,2.7964,0.09475,0.23293,0.75831,2
0.8,1.2,1.0945,1.9517,0.61753,0.74081,1.8262,2.1938,2.796,0.098125,0.22571,0.75681,1.9998
0.8,1.2,1.0941,1.9526,0.61923,0.74195,1.8283,2.1919,2.7955,0.10152,0.21853,0.75514,1.9998
0.8,1.2,1.0937,1.9536,0.62097,0.7431,1.8305,2.19,2.795,0.10496,0.21139,0.75343,1.9998
0.8,1.2,1.0932,1.9545,0.62274,0.74428,1.8327,2.1882,2.7946,0.10844,0.20431,0.75179,1.9997
0.8,1.2,1.0929,1.9556,0.62461,0.74543,1.8349,2.1863,2.794,0.11194,0.19724,0.74976,1.9999
0.8,1.2,1.0925,1.9565,0.62643,0.74665,1.8372,2.1844,2.7936,0.11553,0.19027,0.74827,1.9999
0.8,1.2,1.092,1.9573,0.62829,0.74396,1.8395,2.1826,2.7932,0.11918,0.18335,0.74687,1.9999
0.8,1.2,1.0915,1.9582,0.63018,0.74525,1.8419,2.1808,2.7928,0.12288,0.17649,0.74555,1.9999
0.8,1.2,1.0909,1.9589,0.63203,0.7466,1.8443,2.179,2.7926,0.12669,0.16972,0.74468,1.9998
0.8,1.2,1.0904,1.9599,0.63405,0.7479,1.8467,2.1772,2.7921,0.13048,0.16296,0.74319,1.9999
0.8,1.2,1.0898,1.9607,0.63603,0.74927,1.8492,2.1755,2.7919,0.13438,0.1563,0.74216,1.9999
0.8,1.2,1.0892,1.9615,0.63806,0.75068,1.8517,2.1737,2.7916,0.13835,0.14971,0.74123,1.9999
0.8,1.2,1.0885,1.9622,0.64011,0.75212,1.8542,2.172,2.7914,0.14239,0.1432,0.74041,1.9999
0.8,1.2,1.0879,1.963,0.64222,0.74974,1.8569,2.1703,2.7912,0.14651,0.13677,0.73967,1.9999
0.8,1.2,1.0872,1.9637,0.64435,0.75127,1.8595,2.1686,2.791,0.15071,0.13042,0.73911,1.9999
0.8,1.2,1.0863,1.9643,0.64641,0.75287,1.8623,2.167,2.791,0.15504,0.12421,0.739,1.9997
0.8,1.2,1.0857,1.9651,0.64876,0.75442,1.865,2.1654,2.7908,0.15938,0.118,0.73831,1.9999
0.8,1.2,1.0849,1.9658,0.65107,0.75606,1.8679,2.1637,2.7907,0.16385,0.11193,0.73803,2
0.8,1.2,1.084,1.9664,0.65337,0.75776,1.8708,2.1622,2.7907,0.16844,0.10598,0.73807,1.9999
0.8,1.2,1.0831,1.967,0.65573,0.7595,1.8738,2.1606,2.7908,0.17313,0.10015,0.73823,1.9999
0.8,1.2,1.0822,1.9677,0.65822,0.76128,1.8768,2.1591,2.7908,0.17794,0.094416,0.73844,2
0.8,1.2,1.0813,1.9683,0.66073,0.76154,1.8799,2.1576,2.7909,0.18288,0.08883,0.73892,2
0.8,1.2,1.0801,1.9687,0.66286,0.7614,1.8832,2.1562,2.7913,0.18801,0.083462,0.74009,1.9993
0.8,1.2,1.0792,1.9694,0.66591,0.76704,1.8865,2.1548,2.7914,0.1932,0.078116,0.74055,2
0.8,1.2,1.0779,1.9698,0.66803,0.7692,1.8899,2.1535,2.7919,0.19865,0.073078,0.74218,1.9992
0.8,1.2,1.0769,1.9706,0.67132,0.77125,1.8935,2.1522,2.7922,0.20422,0.06813,0.74323,1.9999
0.8,1.2,1.0753,1.9709,0.67299,0.76994,1.8972,2.1509,2.7928,0.21004,0.063473,0.74538,1.9983
0.8,1.2,1.0736,1.9713,0.67452,0.77244,1.901,2.1498,2.7933,0.21602,0.058959,0.7474,1.9964
0.8,1.2,1.072,1.9718,0.67653,0.77494,1.9048,2.1486,2.7939,0.22214,0.054578,0.74931,1.9951
0.8,1.2,1.0697,1.972,0.67671,0.77406,1.9088,2.1475,2.7946,0.22836,0.050336,0.75199,1.9912
0.8,1.2,1.0677,1.9723,0.67778,0.7768,1.9128,2.1464,2.7953,0.23469,0.046197,0.75453,1.9884
0.8,1.2,1.0657,1.9726,0.67879,0.77962,1.917,2.1453,2.796,0.24122,0.042223,0.75703,1.9855
0.8,1.2,1.0631,1.9726,0.6783,0.77902,1.9211,2.1443,2.7969,0.24779,0.038349,0.76023,1.9805
0.8,1.2,1.0609,1.9727,0.67931,0.78195,1.9254,2.1433,2.7978,0.25452,0.034623,0.76336,1.9774
0.8,1.2,1.0584,1.9728,0.6794,0.78508,1.9298,2.1424,2.7987,0.26149,0.031097,0.76649,1.973
0.8,1.2,1.0558,1.9727,0.67971,0.78465,1.9343,2.1415,2.7998,0.26855,0.027743,0.77043,1.9687
0.8,1.2,1.0528,1.9726,0.6791,0.78807,1.939,2.1407,2.801,0.27596,0.024712,0.77454,1.9631
0.8,1.2,1.0502,1.9724,0.68001,0.78785,1.9438,2.14,2.8022,0.28358,0.021894,0.77896,1.9592
0.8,1.2,1.0475,1.9722,0.68079,0.7913,1.9488,2.1393,2.8035,0.29137,0.019253,0.78363,1.9551
0.8,1.2,1.0444,1.9719,0.68018,0.79498,1.9538,2.1386,2.8049,0.29935,0.016815,0.78859,1.9491
0.8,1.2,1.0415,1.9716,0.68096,0.79507,1.959,2.138,2.8064,0.30754,0.014589,0.79385,1.9447
0.8,1.2,1.0385,1.9713,0.68164,0.79884,1.9644,2.1375,2.8079,0.31605,0.01263,0.79916,1.9401
0.8,1.2,1.0352,1.9706,0.68172,0.79923,1.9699,2.1371,2.8097,0.32465,0.010897,0.80545,1.9345
0.8,1.2,1.0987,1.9366,0.58417,0.7363,1.7916,2.2366,2.8034,0.043657,0.38785,0.78316,2
0.8,1.2,1.0987,1.9379,0.5855,0.73705,1.7933,2.2345,2.8026,0.046266,0.37985,0.78024,2
0.8,1.2,1.0987,1.9391,0.58684,0.7336,1.7949,2.2324,2.8018,0.048899,0.37189,0.77735,2
0.8,1.2,1.0985,1.9401,0.58818,0.73442,1.7966,2.2303,2.8011,0.051586,0.36393,0.77497,1.9998
0.8,1.2,1.0984,1.9413,0.58955,0.73521,1.7983,2.2282,2.8003,0.054276,0.35602,0.77216,1.9998
0.8,1.2,1.0984,1.9425,0.59094,0.73601,1.8001,2.2262,2.7995,0.056995,0.34815,0.7694,1.9998
0.8,1.2,1.0983,1.9437,0.59234,0.73684,1.8018,2.2241,2.7988,0.059749,0.3403,0.76669,1.9998
0.8,1.2,1.0982,1.9449,0.59377,0.73766,1.8036,2.222,2.798,0.062526,0.33249,0.7639,1.9999
0.8,1.2,1.0981,1.9462,0.59523,0.73848,1.8053,2.22,2.7971,0.065312,0.32472,0.76083,2
0.8,1.2,1.098,1.9473,0.59669,0.73934,1.8071,2.2179,2.7964,0.068159,0.31697,0.75823,2
0.8,1.2,1.0978,1.9484,0.59816,0.73613,1.809,2.2159,2.7957,0.071045,0.30926,0.75582,2
0.8,1.2,1.0975,1.9495,0.59963,0.73707,1.8108,2.2139,2.7951,0.073982,0.30158,0.75369,1.9998
0.8,1.2,1.0974,1.9507,0.60117,0.73796,1.8127,2.2118,2.7943,0.076904,0.29394,0.75091,2
0.8,1.2,1.0972,1.9517,0.60268,0.73893,1.8146,2.2098,2.7937,0.079914,0.28634,0.74889,1.9998
0.8,1.2,1.0969,1.9528,0.60422,0.73989,1.8165,2.2078,2.7931,0.082935,0.27877,0.74656,1.9998
0.8,1.2,1.0967,1.9538,0.6058,0.74087,1.8185,2.2058,2.7925,0.085996,0.27124,0.7443,1.9998
0.8,1.2,1.0965,1.955,0.60742,0.74183,1.8204,2.2039,2.7917,0.089066,0.26375,0.74174,2
0.8,1.2,1.0962,1.956,0.60904,0.73883,1.8224,2.2019,2.7911,0.092206,0.2563,0.73959,2
0.8,1.2,1.0959,1.9571,0.61067,0.73987,1.8244,2.1999,2.7905,0.095383,0.2489,0.7375,2
0.8,1.2,1.0956,1.9581,0.61233,0.74093,1.8265,2.198,2.79,0.098604,0.24154,0.73547,2
0.8,1.2,1.0953,1.9591,0.61402,0.74202,1.8285,2.1961,2.7894,0.10187,0.23422,0.73351,2
0.8,1.2,1.0949,1.9601,0.61573,0.74312,1.8306,2.1941,2.7889,0.10518,0.22696,0.73161,2
0.8,1.2,1.0946,1.9611,0.61746,0.74425,1.8328,2.1922,2.7884,0.10854,0.21974,0.72979,2
0.8,1.2,1.0942,1.962,0.61922,0.7454,1.8349,2.1903,2.7879,0.11195,0.21258,0.72804,2
0.8,1.2,1.0938,1.963,0.621,0.74264,1.8371,2.1885,2.7874,0.11541,0.20546,0.72637,2
0.8,1.2,1.0932,1.9638,0.62276,0.74389,1.8394,2.1866,2.7871,0.11896,0.19842,0.72512,1.9998
0.8,1.2,1.0929,1.9648,0.62466,0.74508,1.8416,2.1847,2.7865,0.12249,0.1914,0.72324,1.9999
0.8,1.2,1.0923,1.9656,0.62647,0.74638,1.8439,2.1829,2.7862,0.12615,0.18448,0.72216,1.9998
0.8,1.2,1.0919,1.9666,0.62844,0.74763,1.8463,2.1811,2.7858,0.1298,0.17758,0.72046,1.9999
0.8,1.2,1.0912,1.9673,0.63028,0.749,1.8487,2.1793,2.7855,0.1336,0.1708,0.71968,1.9997
0.8,1.2,1.0908,1.9683,0.63236,0.75029,1.8511,2.1775,2.7851,0.13736,0.16401,0.71796,2
0.8,1.2,1.0901,1.969,0.63426,0.74787,1.8535,2.1758,2.7849,0.14129,0.15737,0.71735,1.9998
0.8,1.2,1.0896,1.9699,0.63639,0.74925,1.856,2.174,2.7845,0.14521,0.15074,0.71602,1.9999
0.8,1.2,1.0889,1.9706,0.63837,0.75075,1.8586,2.1723,2.7844,0.14927,0.14424,0.71556,1.9997
0.8,1.2,1.0882,1.9713,0.64048,0.75224,1.8612,2.1706,2.7842,0.15338,0.13781,0.71483,1.9997
0.8,1.2,1.0876,1.9722,0.64277,0.75372,1.8639,2.1689,2.7839,0.15753,0.13141,0.71379,2
0.8,1.2,1.0868,1.9729,0.64494,0.7553,1.8666,2.1672,2.7838,0.16182,0.12515,0.71341,1.9999
0.8,1.2,1.086,1.9735,0.64707,0.75696,1.8694,2.1656,2.7838,0.16624,0.11903,0.71343,1.9997
0.8,1.2,1.0853,1.9744,0.64954,0.75789,1.8722,2.164,2.7836,0.17067,0.11291,0.71278,2
0.8,1.2,1.0844,1.975,0.65184,0.75654,1.8751,2.1624,2.7836,0.17527,0.10698,0.71287,1.9999
0.8,1.2,1.0834,1.9755,0.654,0.75837,1.8781,2.1609,2.7838,0.18002,0.1012,0.71347,1.9995
0.8,1.2,1.0819,1.9756,0.65543,0.76045,1.8813,2.1595,2.7844,0.18503,0.095721,0.71556,1.9978
0.8,1.2,1.0815,1.9767,0.6589,0.76209,1.8843,2.1579,2.784,0.1898,0.089939,0.71432,1.9994
0.8,1.2,1.0805,1.9774,0.66149,0.76402,1.8876,2.1565,2.7842,0.1949,0.084518,0.71495,1.9994
0.8,1.2,1.0795,1.9782,0.66441,0.76599,1.8909,2.1551,2.7844,0.20015,0.079243,0.71558,1.9999
0.8,1.2,1.0782,1.9786,0.6666,0.76818,1.8944,2.1538,2.7848,0.20564,0.074239,0.71719,1.9991
0.8,1.2,1.077,1.9792,0.66915,0.77039,1.8979,2.1525,2.7853,0.21126,0.069354,0.71868,1.9987
0.8,1.2,1.0759,1.9799,0.67257,0.77256,1.9016,2.1512,2.7856,0.21703,0.064616,0.72007,1.9995
0.8,1.2,1.074,1.9802,0.67361,0.77149,1.9054,2.1501,2.7863,0.22302,0.060131,0.72242,1.9969
0.8,1.2,1.0721,1.9805,0.67482,0.77412,1.9093,2.1489,2.7869,0.22917,0.055804,0.7247,1.9944
0.8,1.2,1.0702,1.9809,0.67588,0.77684,1.9133,2.1478,2.7876,0.23547,0.051596,0.72685,1.9917
0.8,1.2,1.0681,1.9811,0.67694,0.776,1.9174,2.1467,2.7883,0.24186,0.04751,0.72947,1.9889
0.8,1.2,1.0656,1.9812,0.67643,0.77896,1.9215,2.1457,2.7891,0.24831,0.043515,0.73251,1.984
0.8,1.2,1.0634,1.9814,0.67742,0.78186,1.9257,2.1447,2.7899,0.25498,0.039688,0.73521,1.9809
0.8,1.2,1.0608,1.9815,0.67684,0.78141,1.93,2.1437,2.7908,0.26177,0.036019,0.73842,1.9757
0.8,1.2,1.0585,1.9815,0.67785,0.78442,1.9344,2.1428,2.7918,0.26865,0.032473,0.74209,1.9724
0.8,1.2,1.0561,1.9816,0.67876,0.78757,1.9389,2.1419,2.7928,0.27583,0.02917,0.74554,1.9689
0.8,1.2,1.0531,1.9813,0.67819,0.7874,1.9436,2.1411,2.794,0.28317,0.026107,0.74989,1.9633
0.8,1.2,1.0505,1.9812,0.67899,0.79082,1.9485,2.1403,2.7952,0.29091,0.023362,0.75413,1.9593
0.8,1.2,1.0477,1.9809,0.67968,0.79077,1.9534,2.1397,2.7966,0.29871,0.02078,0.75916,1.955
0.8,1.2,1.0445,1.9805,0.67912,0.79446,1.9585,2.139,2.7981,0.30677,0.018424,0.76424,1.949
0.8,1.2,1.0416,1.9802,0.67987,0.79814,1.9638,2.1385,2.7996,0.31505,0.016296,0.76964,1.9445
0.8,1.2,1.0385,1.9798,0.68058,0.79845,1.9692,2.138,2.8012,0.32358,0.014426,0.7754,1.9398
0.8,1.2,1.099,1.9444,0.58211,0.73443,1.7967,2.2372,2.7969,0.051618,0.38996,0.76004,1.9998
0.8,1.2,1.0985,1.945,0.58338,0.73537,1.7983,2.235,2.7967,0.054288,0.3818,0.75942,1.9992
0.8,1.2,1.0985,1.9462,0.58473,0.73613,1.8,2.2329,2.7959,0.056894,0.37381,0.75648,1.9991
0.8,1.2,1.0988,1.9481,0.58617,0.73672,1.8016,2.2309,2.7944,0.059415,0.36596,0.75121,1.9998
0.8,1.2,1.0989,1.9495,0.58757,0.73747,1.8033,2.2288,2.7935,0.062048,0.35803,0.74788,2
0.8,1.2,1.0987,1.9506,0.58895,0.73831,1.805,2.2267,2.7928,0.06476,0.3501,0.74555,1.9998
0.8,1.2,1.0987,1.9519,0.59038,0.73497,1.8067,2.2246,2.7919,0.067451,0.34224,0.7423,2
0.8,1.2,1.0985,1.9529,0.59179,0.73586,1.8085,2.2225,2.7913,0.070221,0.33437,0.74005,1.9998
0.8,1.2,1.0984,1.9542,0.59327,0.73667,1.8102,2.2205,2.7904,0.072971,0.32656,0.7369,2
0.8,1.2,1.0979,1.9547,0.59461,0.73774,1.8121,2.2184,2.7903,0.075917,0.31874,0.73652,1.9993
0.8,1.2,1.0977,1.9559,0.59609,0.73863,1.8139,2.2163,2.7895,0.078764,0.311,0.73393,1.9992
0.8,1.2,1.0979,1.9576,0.5977,0.73938,1.8156,2.2143,2.7883,0.081527,0.30331,0.72951,1.9998
0.8,1.2,1.0978,1.9588,0.59925,0.74027,1.8175,2.2123,2.7875,0.08442,0.29564,0.72668,2
0.8,1.2,1.0976,1.96,0.6008,0.7412,1.8193,2.2103,2.7868,0.087369,0.28801,0.72417,2
0.8,1.2,1.0973,1.9609,0.60233,0.73818,1.8213,2.2083,2.7863,0.09039,0.28041,0.72225,1.9998
0.8,1.2,1.0971,1.962,0.60392,0.73916,1.8232,2.2063,2.7856,0.093417,0.27285,0.71994,1.9998
0.8,1.2,1.0969,1.9632,0.60556,0.74014,1.8251,2.2043,2.7849,0.096459,0.26533,0.71733,2
0.8,1.2,1.0966,1.9642,0.60719,0.74116,1.8271,2.2023,2.7843,0.099566,0.25785,0.71514,2
0.8,1.2,1.0963,1.9653,0.60884,0.74221,1.8291,2.2003,2.7837,0.10272,0.25042,0.71301,2
0.8,1.2,1.096,1.9663,0.61051,0.74327,1.8311,2.1984,2.7831,0.10591,0.24303,0.71095,2
0.8,1.2,1.0957,1.9674,0.61222,0.74436,1.8332,2.1964,2.7825,0.10915,0.23569,0.70893,2
0.8,1.2,1.0953,1.9684,0.61394,0.74153,1.8352,2.1945,2.782,0.11244,0.2284,0.70702,2
0.8,1.2,1.0949,1.9692,0.61564,0.74271,1.8374,2.1926,2.7815,0.11581,0.22117,0.70551,1.9998
0.8,1.2,1.0946,1.9703,0.61746,0.74383,1.8395,2.1907,2.7809,0.11916,0.21396,0.70337,2
0.8,1.2,1.0942,1.9713,0.61926,0.74502,1.8417,2.1888,2.7805,0.1226,0.20682,0.70166,2
0.8,1.2,1.0936,1.9721,0.62104,0.74627,1.8439,2.187,2.7801,0.12612,0.19976,0.70038,1.9998
0.8,1.2,1.0933,1.9732,0.62297,0.74746,1.8461,2.1851,2.7795,0.12963,0.19272,0.69838,2
0.8,1.2,1.0928,1.9741,0.62484,0.74874,1.8484,2.1833,2.7792,0.13324,0.18576,0.69702,1.9999
0.8,1.2,1.0923,1.975,0.62677,0.74619,1.8508,2.1814,2.7788,0.13691,0.17886,0.69562,2
0.8,1.2,1.0917,1.9758,0.62872,0.74752,1.8531,2.1796,2.7784,0.14064,0.17203,0.69436,1.9999
0.8,1.2,1.0912,1.9767,0.63071,0.74889,1.8555,2.1778,2.7781,0.14444,0.16526,0.69318,1.9999
0.8,1.2,1.0905,1.9774,0.63265,0.75032,1.858,2.1761,2.7779,0.14834,0.1586,0.69246,1.9998
0.8,1.2,1.0899,1.9782,0.63471,0.75175,1.8605,2.1743,2.7776,0.15229,0.15199,0.69149,1.9997
0.8,1.2,1.0893,1.9791,0.63689,0.75318,1.8631,2.1726,2.7773,0.15627,0.14542,0.69028,1.9999
0.8,1.2,1.0887,1.9799,0.63904,0.75468,1.8657,2.1709,2.7771,0.16037,0.13897,0.68952,1.9999
0.8,1.2,1.088,1.9807,0.64124,0.75246,1.8683,2.1692,2.7769,0.16455,0.1326,0.68884,2
0.8,1.2,1.0872,1.9814,0.64344,0.75406,1.871,2.1676,2.7768,0.16885,0.12635,0.68846,1.9999
0.8,1.2,1.0864,1.9822,0.64571,0.7557,1.8738,2.1659,2.7767,0.17322,0.12018,0.68812,1.9999
0.8,1.2,1.0855,1.9828,0.64788,0.75742,1.8767,2.1643,2.7767,0.17774,0.11416,0.6883,1.9996
0.8,1.2,1.0846,1.9834,0.6502,0.75917,1.8796,2.1628,2.7767,0.18234,0.10822,0.68839,1.9995
0.8,1.2,1.0838,1.9841,0.65265,0.76095,1.8826,2.1612,2.7767,0.18704,0.10239,0.68844,1.9996
0.8,1.2,1.0828,1.9848,0.6551,0.7628,1.8856,2.1597,2.7768,0.19188,0.096711,0.68879,1.9995
0.8,1.2,1.0818,1.9854,0.65759,0.76471,1.8888,2.1583,2.777,0.19687,0.091178,0.68935,1.9995
0.8,1.2,1.0808,1.9861,0.66011,0.7667,1.8921,2.1568,2.7772,0.20202,0.085817,0.69016,1.9994
0.8,1.2,1.0797,1.9868,0.66268,0.76876,1.8954,2.1555,2.7775,0.20733,0.08061,0.69118,1.9992
0.8,1.2,1.0788,1.9876,0.66593,0.7708,1.8989,2.1541,2.7777,0.21275,0.07551,0.692,2
0.8,1.2,1.0772,1.988,0.66774,0.76952,1.9025,2.1529,2.7783,0.21844,0.070716,0.69397,1.9985
0.8,1.2,1.0759,1.9885,0.67033,0.77184,1.9062,2.1516,2.7788,0.22424,0.066027,0.69573,1.9981
0.8,1.2,1.0747,1.9891,0.67377,0.77417,1.91,2.1504,2.7793,0.23026,0.061538,0.6975,1.9986
0.8,1.2,1.0722,1.9892,0.67314,0.77343,1.9139,2.1493,2.78,0.23644,0.057257,0.70012,1.9937
0.8,1.2,1.0705,1.9895,0.67522,0.77604,1.9179,2.1482,2.7807,0.24269,0.053036,0.70264,1.9922
0.8,1.2,1.0681,1.9898,0.67502,0.77897,1.922,2.1471,2.7814,0.24918,0.049012,0.70496,1.9878
0.8,1.2,1.0659,1.99,0.67564,0.77831,1.9262,2.1461,2.7822,0.25573,0.045085,0.70774,1.9843
0.8,1.2,1.0637,1.9901,0.67671,0.78118,1.9303,2.1451,2.7831,0.26232,0.041242,0.71106,1.9813
0.8,1.2,1.0613,1.9903,0.67699,0.78423,1.9347,2.1441,2.7839,0.26918,0.037607,0.71403,1.9772
0.8,1.2,1.0585,1.9901,0.67625,0.7839,1.9391,2.1432,2.785,0.27609,0.034097,0.71776,1.9717
0.8,1.2,1.0559,1.9901,0.67638,0.78711,1.9436,2.1423,2.786,0.28325,0.030809,0.72151,1.9671
0.8,1.2,1.0533,1.99,0.67727,0.79037,1.9483,2.1415,2.7872,0.29064,0.027763,0.7256,1.9634
0.8,1.2,1.0502,1.9897,0.67655,0.79043,1.9532,2.1408,2.7885,0.29837,0.025059,0.73018,1.9574
0.8,1.2,1.0475,1.9895,0.67737,0.79394,1.9582,2.1401,2.7899,0.30631,0.022575,0.73507,1.9532
0.8,1.2,1.0442,1.989,0.67663,0.79421,1.9634,2.1395,2.7913,0.31447,0.020319,0.74029,1.947
0.8,1.2,1.0413,1.9887,0.67756,0.79791,1.9687,2.139,2.7929,0.32284,0.018284,0.74582,1.9426
0.8,1.2,1.0993,1.9525,0.58012,0.73668,1.8018,2.2378,2.7902,0.059667,0.39226,0.73615,2
0.8,1.2,1.0993,1.9538,0.58147,0.73743,1.8034,2.2357,2.7893,0.062201,0.38419,0.73312,2
0.8,1.2,1.0993,1.9551,0.58284,0.73405,1.805,2.2336,2.7884,0.064761,0.37616,0.73003,2
0.8,1.2,1.0991,1.9561,0.5842,0.73488,1.8067,2.2314,2.7878,0.067374,0.36812,0.72765,1.9998
0.8,1.2,1.0991,1.9574,0.5856,0.73568,1.8083,2.2293,2.787,0.069993,0.36013,0.72473,1.9998
0.8,1.2,1.0986,1.9579,0.58691,0.73668,1.8101,2.2272,2.7868,0.072751,0.35208,0.72424,1.9991
0.8,1.2,1.0989,1.9598,0.58844,0.73732,1.8117,2.2251,2.7854,0.075325,0.34427,0.71905,1.9998
0.8,1.2,1.0984,1.9603,0.58977,0.73836,1.8135,2.223,2.7852,0.078156,0.3363,0.71864,1.9991
0.8,1.2,1.0987,1.9622,0.59134,0.73902,1.8152,2.221,2.7838,0.080785,0.32854,0.71355,1.9998
0.8,1.2,1.0986,1.9635,0.59285,0.73985,1.8169,2.2189,2.7829,0.08354,0.32073,0.7104,2
0.8,1.2,1.0985,1.9647,0.59434,0.73671,1.8187,2.2169,2.7822,0.086353,0.31295,0.70778,2
0.8,1.2,1.0983,1.9658,0.59586,0.73763,1.8205,2.2148,2.7815,0.089197,0.3052,0.7052,2
0.8,1.2,1.0981,1.9669,0.5974,0.73856,1.8223,2.2128,2.7808,0.092079,0.29749,0.70267,2
0.8,1.2,1.0979,1.9681,0.59896,0.73951,1.8242,2.2107,2.7801,0.094998,0.28982,0.7002,2
0.8,1.2,1.0977,1.9692,0.60054,0.74048,1.8261,2.2087,2.7794,0.097956,0.28219,0.69779,2
0.8,1.2,1.0975,1.9703,0.60213,0.74146,1.828,2.2067,2.7787,0.10095,0.2746,0.69543,2
0.8,1.2,1.0972,1.9713,0.60372,0.7425,1.8299,2.2047,2.7782,0.10402,0.26705,0.69349,1.9998
0.8,1.2,1.097,1.9725,0.6054,0.74349,1.8318,2.2027,2.7774,0.10707,0.25954,0.69081,2
0.8,1.2,1.0967,1.9735,0.60706,0.7406,1.8338,2.2008,2.7768,0.1102,0.25208,0.68873,2
0.8,1.2,1.0964,1.9746,0.60875,0.74168,1.8358,2.1988,2.7762,0.11336,0.24466,0.68663,2
0.8,1.2,1.096,1.9756,0.61047,0.74278,1.8379,2.1969,2.7757,0.11658,0.23729,0.68459,2
0.8,1.2,1.0957,1.9766,0.61221,0.7439,1.8399,2.1949,2.7751,0.11984,0.22998,0.68262,2
0.8,1.2,1.0953,1.9776,0.61397,0.74504,1.842,2.193,2.7746,0.12315,0.22271,0.68072,2
0.8,1.2,1.0949,1.9786,0.61576,0.74621,1.8442,2.1911,2.7741,0.12651,0.2155,0.67891,2
0.8,1.2,1.0945,1.9796,0.61758,0.7474,1.8463,2.1892,2.7736,0.12993,0.20834,0.67716,2
0.8,1.2,1.0941,1.9805,0.61943,0.74477,1.8485,2.1873,2.7731,0.1334,0.20124,0.6755,1.9999
0.8,1.2,1.0936,1.9815,0.62131,0.74603,1.8508,2.1855,2.7727,0.13692,0.19419,0.67392,1.9999
0.8,1.2,1.0932,1.9824,0.62322,0.74731,1.8531,2.1836,2.7722,0.14051,0.18721,0.67243,1.9999
0.8,1.2,1.0925,1.9832,0.62507,0.74866,1.8554,2.1818,2.772,0.1442,0.18032,0.6715,1.9997
0.8,1.2,1.092,1.9841,0.62706,0.74999,1.8578,2.18,2.7716,0.14791,0.17346,0.67009,1.9998
0.8,1.2,1.0916,1.9851,0.62914,0.75133,1.8601,2.1782,2.7711,0.15166,0.16666,0.66853,1.9999
0.8,1.2,1.091,1.9859,0.63119,0.75273,1.8626,2.1764,2.7708,0.15552,0.15996,0.66741,2
0.8,1.2,1.0903,1.9868,0.63327,0.75042,1.8651,2.1747,2.7706,0.15946,0.15334,0.66645,1.9999
0.8,1.2,1.0892,1.9869,0.6348,0.75213,1.8678,2.173,2.7709,0.16368,0.14697,0.66782,1.9987
0.8,1.2,1.089,1.9884,0.63755,0.75343,1.8702,2.1713,2.7701,0.16756,0.14033,0.66483,1.9999
0.8,1.2,1.0882,1.989,0.63961,0.75504,1.8729,2.1696,2.7701,0.17179,0.13401,0.66469,1.9996
0.8,1.2,1.0875,1.9898,0.64188,0.75664,1.8756,2.1679,2.7699,0.17606,0.12773,0.66409,1.9997
0.8,1.2,1.0868,1.9907,0.6443,0.75825,1.8784,2.1663,2.7697,0.1804,0.12153,0.66341,1.9999
0.8,1.2,1.086,1.9914,0.64665,0.75995,1.8812,2.1647,2.7697,0.18488,0.11548,0.66323,1.9999
0.8,1.2,1.0851,1.9922,0.64909,0.76169,1.8841,2.1631,2.7696,0.18948,0.10954,0.66314,2
0.8,1.2,1.0842,1.9928,0.65151,0.76351,1.8871,2.1616,2.7697,0.19421,0.10374,0.66339,1.9999
0.8,1.2,1.0833,1.9936,0.65401,0.76538,1.8902,2.1601,2.7698,0.19908,0.098078,0.66377,1.9999
0.8,1.2,1.0821,1.9942,0.65627,0.76738,1.8934,2.1586,2.7701,0.20414,0.092628,0.66477,1.9994
0.8,1.2,1.0812,1.995,0.65916,0.7657,1.8967,2.1572,2.7702,0.20928,0.08724,0.66525,1.9998
0.8,1.2,1.08,1.9955,0.66152,0.76784,1.9001,2.1559,2.7706,0.21461,0.082075,0.66662,1.9993
0.8,1.2,1.0788,1.9961,0.66418,0.77001,1.9036,2.1545,2.771,0.2201,0.07706,0.66792,1.9991
0.8,1.2,1.0775,1.9967,0.66666,0.7723,1.9072,2.1533,2.7715,0.22578,0.072247,0.6696,1.9986
0.8,1.2,1.0764,1.9974,0.67019,0.771,1.9109,2.152,2.7718,0.23163,0.067578,0.67102,1.9993
0.8,1.2,1.0743,1.9976,0.67081,0.77366,1.9147,2.1509,2.7726,0.23768,0.063173,0.67356,1.9961
0.8,1.2,1.0728,1.9981,0.6735,0.7762,1.9187,2.1497,2.7731,0.24391,0.058892,0.67553,1.9955
0.8,1.2,1.0704,1.9983,0.67303,0.7791,1.9227,2.1487,2.7738,0.25029,0.054784,0.67804,1.9907
0.8,1.2,1.0685,1.9986,0.67486,0.7783,1.9268,2.1476,2.7746,0.25672,0.050742,0.6808,1.9888
0.8,1.2,1.0661,1.9986,0.67485,0.78123,1.9309,2.1465,2.7755,0.26322,0.0468,0.6839,1.9844
0.8,1.2,1.0635,1.9988,0.67437,0.78082,1.9352,2.1456,2.7763,0.26999,0.043079,0.68674,1.9795
0.8,1.2,1.0612,1.9988,0.67539,0.78378,1.9395,2.1446,2.7773,0.27678,0.039433,0.69028,1.9762
0.8,1.2,1.0589,1.9989,0.6763,0.78688,1.944,2.1437,2.7782,0.28385,0.036015,0.69355,1.9728
0.8,1.2,1.0561,1.9988,0.67598,0.78668,1.9486,2.1428,2.7793,0.29104,0.032758,0.69735,1.9677
0.8,1.2,1.0535,1.9986,0.6765,0.78994,1.9532,2.142,2.7805,0.29838,0.029693,0.7017,1.9634
0.8,1.2,1.0505,1.9985,0.67636,0.79345,1.9582,2.1413,2.7817,0.30617,0.027016,0.70604,1.9582
0.8,1.2,1.0475,1.9981,0.67647,0.79363,1.9633,2.1407,2.7831,0.3142,0.024626,0.71108,1.953
0.8,1.2,1.0446,1.9978,0.67721,0.7973,1.9685,2.1401,2.7846,0.32247,0.022478,0.71643,1.9485
0.8,1.2,1.0996,1.9605,0.57816,0.73898,1.807,2.2385,2.7837,0.067916,0.39472,0.71301,2
0.8,1.2,1.0991,1.9609,0.57947,0.73581,1.8086,2.2362,2.7836,0.070429,0.38633,0.71266,1.9992
0.8,1.2,1.0991,1.9622,0.58084,0.73658,1.8102,2.2341,2.7827,0.072961,0.37827,0.70961,1.9992
0.8,1.2,1.099,1.9634,0.58222,0.73736,1.8118,2.232,2.7819,0.07552,0.37023,0.7066,1.9992
0.8,1.2,1.0994,1.9654,0.5837,0.73798,1.8134,2.2299,2.7804,0.078026,0.36237,0.70128,1.9998
0.8,1.2,1.0994,1.9667,0.58514,0.73875,1.8151,2.2278,2.7794,0.080624,0.35441,0.69789,2
0.8,1.2,1.0993,1.968,0.58658,0.73957,1.8167,2.2257,2.7786,0.083268,0.34647,0.69491,2
0.8,1.2,1.0991,1.969,0.58801,0.73642,1.8185,2.2236,2.7779,0.085973,0.33852,0.69267,1.9998
0.8,1.2,1.099,1.9702,0.58949,0.73729,1.8202,2.2215,2.7772,0.088685,0.33064,0.6899,1.9998
0.8,1.2,1.099,1.9716,0.59101,0.73813,1.8219,2.2195,2.7763,0.091407,0.3228,0.6867,2
0.8,1.2,1.0988,1.9727,0.59252,0.73903,1.8237,2.2174,2.7755,0.094189,0.31499,0.68402,2
0.8,1.2,1.0986,1.9739,0.59405,0.73994,1.8255,2.2153,2.7748,0.097005,0.30721,0.6814,2
0.8,1.2,1.0985,1.9751,0.5956,0.74088,1.8273,2.2133,2.774,0.099858,0.29947,0.67884,2
0.8,1.2,1.0983,1.9762,0.59717,0.74183,1.8291,2.2113,2.7733,0.10275,0.29177,0.67633,2
0.8,1.2,1.0981,1.9774,0.59877,0.73886,1.831,2.2092,2.7726,0.10568,0.28411,0.67378,2
0.8,1.2,1.0978,1.9785,0.60039,0.73984,1.8328,2.2072,2.7719,0.10864,0.27648,0.67138,2
0.8,1.2,1.0976,1.9796,0.60202,0.74087,1.8347,2.2052,2.7713,0.11166,0.2689,0.66913,2
0.8,1.2,1.0969,1.98,0.60347,0.74209,1.8368,2.2032,2.7713,0.11486,0.26137,0.66911,1.9992
0.8,1.2,1.097,1.9817,0.60535,0.74296,1.8386,2.2013,2.7701,0.1178,0.25388,0.66465,2
0.8,1.2,1.0967,1.9828,0.60706,0.74404,1.8406,2.1993,2.7695,0.12095,0.24644,0.6625,2
0.8,1.2,1.0964,1.9839,0.6088,0.74513,1.8427,2.1973,2.7688,0.12413,0.23904,0.66034,2
0.8,1.2,1.0961,1.9849,0.61055,0.74626,1.8447,2.1954,2.7683,0.12737,0.2317,0.65833,2
0.8,1.2,1.0956,1.9858,0.61228,0.7436,1.8468,2.1935,2.7679,0.13069,0.22442,0.65685,1.9998
0.8,1.2,1.0953,1.9869,0.61414,0.74474,1.8489,2.1916,2.7672,0.13399,0.21716,0.65454,2
0.8,1.2,1.0949,1.9879,0.61597,0.74595,1.8511,2.1897,2.7667,0.13739,0.20998,0.65286,2
0.8,1.2,1.0944,1.9888,0.61778,0.74721,1.8533,2.1878,2.7664,0.14086,0.20287,0.65152,1.9998
0.8,1.2,1.0939,1.9897,0.61965,0.74848,1.8555,2.1859,2.7659,0.14438,0.19582,0.65003,1.9997
0.8,1.2,1.0935,1.9908,0.62165,0.74973,1.8578,2.1841,2.7654,0.14791,0.18879,0.64804,1.9999
0.8,1.2,1.093,1.9917,0.62363,0.75104,1.8601,2.1822,2.765,0.15154,0.18186,0.64651,2
0.8,1.2,1.0925,1.9926,0.6256,0.74864,1.8624,2.1804,2.7646,0.15525,0.175,0.6453,1.9999
0.8,1.2,1.0918,1.9934,0.62756,0.75006,1.8648,2.1786,2.7644,0.15905,0.16823,0.64443,1.9998
0.8,1.2,1.0913,1.9944,0.6297,0.75145,1.8672,2.1768,2.764,0.16287,0.16149,0.64296,1.9999
0.8,1.2,1.0907,1.9952,0.6318,0.75291,1.8697,2.1751,2.7637,0.16679,0.15485,0.64196,1.9999
0.8,1.2,1.09,1.9959,0.63385,0.75445,1.8723,2.1734,2.7635,0.17083,0.14833,0.64144,1.9997
0.8,1.2,1.0894,1.9969,0.63614,0.75595,1.8749,2.1717,2.7632,0.17489,0.14184,0.64034,1.9999
0.8,1.2,1.0887,1.9977,0.63837,0.75752,1.8775,2.17,2.763,0.17907,0.13547,0.63969,1.9999
0.8,1.2,1.0879,1.9985,0.64068,0.75561,1.8802,2.1683,2.7629,0.18334,0.1292,0.63913,2
0.8,1.2,1.0866,1.9986,0.64218,0.75738,1.8831,2.1667,2.7634,0.18792,0.12323,0.64113,1.9985
0.8,1.2,1.0863,2,0.64534,0.75889,1.8859,2.1651,2.7628,0.19222,0.117,0.63875,1.9999
0.8,1.2,1.0853,2.0006,0.64754,0.76072,1.8888,2.1635,2.7629,0.19688,0.11113,0.63924,1.9995
0.8,1.2,1.0844,2.0013,0.65,0.76257,1.8918,2.162,2.763,0.20163,0.10535,0.63945,1.9995
0.8,1.2,1.0834,2.0021,0.65248,0.76448,1.8949,2.1605,2.7631,0.20654,0.099733,0.6399,1.9994
0.8,1.2,1.0824,2.0028,0.65503,0.76646,1.8981,2.1591,2.7633,0.21158,0.094258,0.64054,1.9994
0.8,1.2,1.0813,2.0035,0.65764,0.76851,1.9014,2.1577,2.7635,0.21677,0.08893,0.6414,1.9993
0.8,1.2,1.0804,2.0043,0.66076,0.77056,1.9048,2.1563,2.7637,0.22208,0.083712,0.64202,1.9998
0.8,1.2,1.079,2.0048,0.66294,0.76928,1.9083,2.155,2.7642,0.22763,0.078782,0.64382,1.9989
0.8,1.2,1.0776,2.0053,0.66548,0.7716,1.9119,2.1537,2.7647,0.23333,0.073988,0.64543,1.9983
0.8,1.2,1.0766,2.006,0.66914,0.77389,1.9157,2.1525,2.7651,0.2392,0.069341,0.64688,1.9992
0.8,1.2,1.0751,2.0065,0.67189,0.77639,1.9196,2.1513,2.7657,0.24532,0.064966,0.64901,1.9987
0.8,1.2,1.0726,2.0066,0.67135,0.77574,1.9235,2.1502,2.7664,0.25154,0.06074,0.65179,1.9938
0.8,1.2,1.0706,2.0069,0.67242,0.7785,1.9275,2.1491,2.7672,0.2579,0.056624,0.65436,1.991
0.8,1.2,1.0685,2.0072,0.67343,0.78135,1.9317,2.1481,2.7679,0.26446,0.05268,0.65689,1.988
0.8,1.2,1.0663,2.0074,0.67445,0.78078,1.9359,2.1471,2.7687,0.27107,0.048827,0.65986,1.9849
0.8,1.2,1.0636,2.0073,0.67381,0.78382,1.9401,2.1461,2.7697,0.27776,0.045076,0.66323,1.9797
0.8,1.2,1.0612,2.0075,0.67435,0.78346,1.9445,2.1452,2.7705,0.28471,0.041537,0.66633,1.9759
0.8,1.2,1.0585,2.0073,0.67404,0.78661,1.949,2.1442,2.7716,0.2917,0.038109,0.67018,1.9708
0.8,1.2,1.056,2.0074,0.6749,0.78983,1.9536,2.1434,2.7726,0.29902,0.03494,0.6738,1.9672
0.8,1.2,1.0531,2.0071,0.67414,0.78979,1.9583,2.1426,2.7739,0.30641,0.031929,0.67824,1.9614
0.8,1.2,1.0504,2.0069,0.67496,0.79319,1.9632,2.1419,2.7752,0.31412,0.029214,0.6828,1.9573
0.8,1.2,1.0472,2.0066,0.67432,0.79689,1.9684,2.1413,2.7765,0.3223,0.026924,0.68768,1.9512
0.8,1.2,1.0995,1.9684,0.57596,0.74165,1.8128,2.2392,2.7784,0.077005,0.39756,0.69423,1.9992
0.8,1.2,1.0998,1.9703,0.57738,0.74221,1.8142,2.2371,2.7767,0.07932,0.38967,0.68826,1.9998
0.8,1.2,1.0999,1.9715,0.57886,0.7396,1.8157,2.2349,2.7756,0.08158,0.38141,0.68421,2
0.8,1.2,1.0998,1.9724,0.58034,0.73954,1.8171,2.2327,2.7748,0.083873,0.37302,0.6814,1.9998
0.8,1.2,1.0997,1.9735,0.58182,0.74029,1.8186,2.2306,2.7739,0.086269,0.36481,0.67815,1.9998
0.8,1.2,1.0997,1.9748,0.5833,0.74104,1.8202,2.2284,2.7728,0.088752,0.35676,0.67447,2
0.8,1.2,1.0995,1.9758,0.58474,0.73788,1.8219,2.2263,2.7721,0.091362,0.34871,0.67209,1.9998
0.8,1.2,1.0995,1.9772,0.58623,0.73869,1.8235,2.2242,2.7712,0.09399,0.34078,0.66874,2
0.8,1.2,1.0994,1.9784,0.58772,0.73956,1.8252,2.2221,2.7704,0.096671,0.33287,0.66592,2
0.8,1.2,1.0993,1.9796,0.58922,0.74044,1.827,2.22,2.7696,0.099386,0.32498,0.66315,2
0.8,1.2,1.0992,1.9809,0.59075,0.74133,1.8287,2.218,2.7688,0.10213,0.31714,0.66034,2
0.8,1.2,1.099,1.982,0.59229,0.73831,1.8305,2.2159,2.7681,0.10492,0.30932,0.65777,2
0.8,1.2,1.0984,1.9825,0.59371,0.73943,1.8323,2.2138,2.768,0.10785,0.30148,0.6574,1.9993
0.8,1.2,1.0986,1.9843,0.59544,0.74021,1.8341,2.2118,2.7667,0.1106,0.29382,0.6526,2
0.8,1.2,1.0984,1.9855,0.59706,0.74119,1.8359,2.2098,2.7659,0.1135,0.28613,0.65001,2
0.8,1.2,1.0982,1.9866,0.59868,0.74219,1.8378,2.2078,2.7653,0.11645,0.27848,0.64767,2
0.8,1.2,1.0979,1.9878,0.60033,0.74321,1.8397,2.2057,2.7646,0.11943,0.27088,0.64529,2
0.8,1.2,1.0977,1.9889,0.602,0.74425,1.8416,2.2037,2.764,0.12246,0.26332,0.64298,2
0.8,1.2,1.0974,1.99,0.6037,0.74146,1.8435,2.2018,2.7633,0.12553,0.2558,0.64071,2
0.8,1.2,1.097,1.9909,0.60538,0.74258,1.8455,2.1998,2.7628,0.12867,0.24833,0.63891,1.9998
0.8,1.2,1.0963,1.9914,0.60692,0.74385,1.8476,2.1978,2.7628,0.13196,0.24093,0.63869,1.9991
0.8,1.2,1.0964,1.9932,0.60895,0.74479,1.8496,2.1959,2.7615,0.13502,0.23354,0.63431,2
0.8,1.2,1.096,1.9942,0.61074,0.74596,1.8516,2.1939,2.761,0.13829,0.22623,0.63244,2
0.8,1.2,1.0957,1.9952,0.61258,0.74714,1.8537,2.192,2.7604,0.1416,0.21897,0.63046,2
0.8,1.2,1.0952,1.9962,0.61442,0.74836,1.8559,2.1901,2.76,0.14498,0.21177,0.62875,2
0.8,1.2,1.0948,1.9972,0.6163,0.74583,1.8581,2.1882,2.7595,0.14841,0.20463,0.62701,2
0.8,1.2,1.0943,1.9982,0.61822,0.7471,1.8603,2.1864,2.759,0.1519,0.19754,0.6254,2
0.8,1.2,1.0939,1.9991,0.62017,0.74841,1.8625,2.1845,2.7586,0.15546,0.19053,0.62386,1.9999
0.8,1.2,1.0933,2,0.62208,0.74977,1.8648,2.1827,2.7583,0.1591,0.18359,0.62276,1.9998
0.8,1.2,1.0927,2.0008,0.62407,0.75115,1.8672,2.1809,2.7579,0.1628,0.17672,0.62154,1.9997
0.8,1.2,1.0921,2.0018,0.62611,0.75255,1.8696,2.1791,2.7576,0.16656,0.16992,0.62031,1.9997
0.8,1.2,1.0917,2.0028,0.6283,0.75394,1.872,2.1773,2.7571,0.17036,0.16317,0.61868,2
0.8,1.2,1.091,2.0037,0.63045,0.75541,1.8745,2.1755,2.7568,0.17427,0.15652,0.61759,2
0.8,1.2,1.0904,2.0045,0.63259,0.75326,1.877,2.1738,2.7566,0.17827,0.14997,0.61681,1.9999
0.8,1.2,1.0896,2.0052,0.63471,0.75486,1.8796,2.1721,2.7565,0.18239,0.14353,0.61641,1.9997
0.8,1.2,1.0888,2.006,0.63692,0.75647,1.8823,2.1704,2.7563,0.18658,0.13717,0.61591,1.9996
0.8,1.2,1.0881,2.0068,0.6392,0.75812,1.885,2.1688,2.7562,0.19087,0.13091,0.61544,1.9996
0.8,1.2,1.0873,2.0076,0.64154,0.75982,1.8878,2.1671,2.7561,0.19526,0.12476,0.61512,1.9996
0.8,1.2,1.0864,2.0084,0.64393,0.76157,1.8907,2.1655,2.7561,0.19977,0.11873,0.61498,1.9996
0.8,1.2,1.0856,2.0092,0.64635,0.76338,1.8936,2.164,2.7561,0.2044,0.11284,0.61503,1.9995
0.8,1.2,1.0846,2.0099,0.64881,0.76526,1.8966,2.1625,2.7562,0.20919,0.1071,0.6153,1.9995
0.8,1.2,1.0838,2.0109,0.65163,0.76714,1.8997,2.161,2.7562,0.21407,0.10145,0.6153,1.9999
0.8,1.2,1.0828,2.0116,0.65433,0.76557,1.9029,2.1595,2.7563,0.21913,0.095982,0.61588,2
0.8,1.2,1.0816,2.0121,0.65655,0.76772,1.9063,2.1581,2.7567,0.22438,0.090737,0.61732,1.9992
0.8,1.2,1.0804,2.0128,0.6592,0.76988,1.9097,2.1568,2.7571,0.22975,0.085603,0.61845,1.999
0.8,1.2,1.0794,2.0136,0.6626,0.77205,1.9132,2.1555,2.7573,0.23526,0.080585,0.61936,1.9997
0.8,1.2,1.0781,2.0142,0.66552,0.77089,1.9168,2.1542,2.7578,0.241,0.075825,0.62102,1.9996
0.8,1.2,1.0764,2.0145,0.66732,0.77341,1.9206,2.153,2.7584,0.24695,0.071309,0.62332,1.9979
0.8,1.2,1.0748,2.0149,0.66968,0.77597,1.9245,2.1519,2.7591,0.25308,0.066951,0.62555,1.9968
0.8,1.2,1.0728,2.0153,0.67087,0.77872,1.9285,2.1508,2.7597,0.25943,0.062797,0.62777,1.9942
0.8,1.2,1.0705,2.0154,0.67117,0.77811,1.9326,2.1497,2.7605,0.26581,0.058728,0.63071,1.9903
0.8,1.2,1.0682,2.0156,0.6715,0.781,1.9367,2.1487,2.7613,0.27234,0.054795,0.63355,1.9864
0.8,1.2,1.066,2.0159,0.67227,0.78395,1.941,2.1477,2.7621,0.27907,0.051021,0.63625,1.9831
0.8,1.2,1.0633,2.0158,0.67165,0.7836,1.9452,2.1467,2.7631,0.28581,0.047337,0.6398,1.9778
0.8,1.2,1.0609,2.0158,0.67255,0.78664,1.9497,2.1458,2.764,0.29276,0.043827,0.64324,1.9744
0.8,1.2,1.0585,2.0158,0.67346,0.78639,1.9542,2.1449,2.7651,0.29987,0.040491,0.64692,1.9708
0.8,1.2,1.056,2.0158,0.67434,0.7896,1.9588,2.144,2.7662,0.30717,0.037342,0.65087,1.9671
0.8,1.2,1.053,2.0157,0.67348,0.79303,1.9636,2.1433,2.7673,0.31476,0.034451,0.65489,1.9612
0.8,1.2,1.0503,2.0154,0.67428,0.79308,1.9685,2.1426,2.7687,0.32244,0.031752,0.65977,1.957
0.8,1.2,1.1002,1.979,0.57342,0.74425,1.8193,2.2405,2.772,0.08733,0.40253,0.67159,1.9998
0.8,1.2,1.1002,1.9799,0.57497,0.74488,1.8205,2.2382,2.7709,0.089276,0.39387,0.66768,1.9998
0.8,1.2,1.1002,1.9807,0.57651,0.74554,1.8218,2.236,2.7698,0.091293,0.38527,0.66387,1.9998
0.8,1.2,1.1002,1.9819,0.57805,0.74619,1.8232,2.2338,2.7687,0.093429,0.37689,0.6597,2
0.8,1.2,1.1,1.9826,0.57963,0.74286,1.8245,2.2315,2.7678,0.09556,0.36832,0.65659,1.9998
0.8,1.2,1.0997,1.9828,0.58119,0.74368,1.8259,2.2292,2.7673,0.097717,0.3596,0.65489,1.9993
0.8,1.2,1.0996,1.9839,0.58274,0.74444,1.8274,2.227,2.7664,0.10006,0.35137,0.65152,1.9993
0.8,1.2,1.0998,1.9856,0.58432,0.74512,1.8289,2.2249,2.7649,0.10252,0.34348,0.64637,1.9999
0.8,1.2,1.0997,1.9866,0.58589,0.74194,1.8305,2.2228,2.764,0.10499,0.33535,0.64324,1.9999
0.8,1.2,1.0996,1.9878,0.58747,0.74277,1.8321,2.2207,2.7631,0.10753,0.32734,0.63986,2
0.8,1.2,1.0991,1.9882,0.58891,0.73988,1.8339,2.2185,2.7629,0.11027,0.31928,0.63923,1.9993
0.8,1.2,1.0993,1.9901,0.5906,0.74064,1.8356,2.2165,2.7615,0.11294,0.31154,0.63428,2
0.8,1.2,1.0991,1.9912,0.59215,0.74161,1.8373,2.2144,2.7609,0.11575,0.30373,0.63198,1.9999
0.8,1.2,1.0989,1.9925,0.59377,0.74255,1.8391,2.2124,2.76,0.11857,0.29598,0.62903,2
0.8,1.2,1.0987,1.9937,0.5954,0.74352,1.841,2.2103,2.7593,0.12143,0.28827,0.6264,2
0.8,1.2,1.0985,1.9948,0.59703,0.74067,1.8428,2.2083,2.7586,0.12435,0.28059,0.62402,2
0.8,1.2,1.0982,1.9958,0.59867,0.74173,1.8447,2.2063,2.758,0.12733,0.27295,0.62195,1.9998
0.8,1.2,1.098,1.9971,0.60039,0.74275,1.8466,2.2043,2.7573,0.13031,0.26536,0.61924,2
0.8,1.2,1.0976,1.9981,0.60206,0.74385,1.8485,2.2023,2.7567,0.13337,0.25782,0.61732,1.9998
0.8,1.2,1.0974,1.9993,0.60384,0.74492,1.8505,2.2003,2.756,0.13645,0.25033,0.61475,2
0.8,1.2,1.0971,2.0003,0.6056,0.74604,1.8525,2.1983,2.7554,0.13959,0.24289,0.61261,2
0.8,1.2,1.0967,2.0014,0.60739,0.74718,1.8545,2.1964,2.7548,0.14278,0.2355,0.61051,2
0.8,1.2,1.0964,2.0025,0.60921,0.74458,1.8566,2.1945,2.7543,0.14603,0.22817,0.60855,2
0.8,1.2,1.096,2.0035,0.61105,0.74578,1.8586,2.1925,2.7537,0.14933,0.22088,0.60663,2
0.8,1.2,1.0951,2.0038,0.61261,0.74719,1.8609,2.1906,2.7539,0.15283,0.2137,0.60704,1.9991
0.8,1.2,1.0951,2.0054,0.61478,0.74829,1.863,2.1887,2.7528,0.15612,0.20651,0.60341,1.9998
0.8,1.2,1.0942,2.0058,0.61641,0.74974,1.8653,2.1869,2.7529,0.15973,0.19947,0.60364,1.999
0.8,1.2,1.0941,2.0074,0.61868,0.75089,1.8674,2.185,2.7519,0.16313,0.19238,0.60019,1.9998
0.8,1.2,1.0937,2.0084,0.62074,0.75221,1.8697,2.1832,2.7514,0.16672,0.18541,0.59838,1.9999
0.8,1.2,1.0931,2.0093,0.62271,0.74994,1.872,2.1813,2.7511,0.17042,0.17854,0.59737,1.9998
0.8,1.2,1.0926,2.0103,0.62485,0.75133,1.8744,2.1795,2.7507,0.17414,0.1717,0.59576,1.9999
0.8,1.2,1.0919,2.011,0.62686,0.75283,1.8768,2.1778,2.7505,0.17801,0.165,0.5951,1.9997
0.8,1.2,1.0912,2.0119,0.629,0.75432,1.8793,2.176,2.7502,0.18192,0.15835,0.59408,1.9997
0.8,1.2,1.0906,2.0128,0.63119,0.75586,1.8819,2.1743,2.75,0.18591,0.15179,0.59319,1.9997
0.8,1.2,1.0899,2.0137,0.63341,0.75743,1.8845,2.1726,2.7497,0.19,0.14533,0.59243,1.9997
0.8,1.2,1.0892,2.0146,0.63583,0.75901,1.8871,2.1709,2.7494,0.19415,0.13894,0.59135,1.9999
0.8,1.2,1.0885,2.0155,0.63819,0.76067,1.8898,2.1692,2.7493,0.19843,0.13267,0.59079,2
0.8,1.2,1.0877,2.0163,0.64054,0.76071,1.8926,2.1676,2.7492,0.20285,0.12654,0.59059,1.9999
0.8,1.2,1.0869,2.0171,0.64302,0.76312,1.8955,2.166,2.7492,0.20736,0.12052,0.59037,2
0.8,1.2,1.0859,2.0179,0.64545,0.76601,1.8984,2.1645,2.7492,0.21204,0.11467,0.59058,1.9999
0.8,1.2,1.0849,2.0186,0.64771,0.76441,1.9015,2.163,2.7494,0.21689,0.10899,0.59135,1.9995
0.8,1.2,1.0839,2.0193,0.65028,0.76638,1.9046,2.1615,2.7496,0.22182,0.1034,0.59183,1.9994
0.8,1.2,1.083,2.0202,0.65326,0.76836,1.9078,2.16,2.7496,0.22686,0.097913,0.59206,1.9999
0.8,1.2,1.0817,2.0208,0.65555,0.77053,1.9112,2.1587,2.75,0.23213,0.092687,0.59345,1.9992
0.8,1.2,1.0806,2.0214,0.65832,0.76923,1.9146,2.1573,2.7504,0.23753,0.087574,0.59461,1.9991
0.8,1.2,1.0794,2.0221,0.66126,0.7715,1.9181,2.156,2.7507,0.2431,0.082642,0.59593,1.9991
0.8,1.2,1.078,2.0226,0.66392,0.77389,1.9218,2.1548,2.7512,0.24889,0.07794,0.59767,1.9986
0.8,1.2,1.077,2.0234,0.6681,0.77627,1.9256,2.1536,2.7517,0.25487,0.073401,0.59928,1.9999
0.8,1.2,1.0746,2.0235,0.66784,0.77564,1.9296,2.1524,2.7524,0.26108,0.069155,0.60204,1.9954
0.8,1.2,1.0728,2.0238,0.67,0.77833,1.9336,2.1514,2.7532,0.26741,0.065012,0.60457,1.9939
0.8,1.2,1.0706,2.0241,0.67049,0.78119,1.9377,2.1503,2.7539,0.27394,0.061046,0.60706,1.9903
0.8,1.2,1.0682,2.0241,0.6709,0.78071,1.9419,2.1493,2.7548,0.28048,0.057144,0.61024,1.9864
0.8,1.2,1.066,2.0244,0.67187,0.78367,1.9462,2.1483,2.7556,0.28727,0.05344,0.61313,1.9832
0.8,1.2,1.0634,2.0243,0.67149,0.78672,1.9505,2.1473,2.7566,0.29408,0.049815,0.61667,1.9782
0.8,1.2,1.0609,2.0243,0.67208,0.78646,1.9549,2.1464,2.7576,0.30107,0.046359,0.62019,1.9744
0.8,1.2,1.0582,2.0244,0.67204,0.78968,1.9595,2.1456,2.7585,0.30835,0.043139,0.62368,1.9696
0.8,1.2,1.0555,2.0241,0.67211,0.78961,1.9642,2.1448,2.7598,0.31563,0.040026,0.62804,1.9649
0.8,1.2,1.0529,2.024,0.67292,0.79295,1.969,2.144,2.761,0.32321,0.037172,0.63241,1.9609
0.8,1.2,1.1006,1.9893,0.57078,0.74712,1.8263,2.2419,2.7667,0.09831,0.40777,0.65254,1.9999
0.8,1.2,1.1005,1.9901,0.57238,0.74771,1.8274,2.2396,2.7655,0.10006,0.3989,0.64832,1.9999
0.8,1.2,1.1005,1.9909,0.57399,0.74833,1.8285,2.2372,2.7643,0.10188,0.3901,0.64422,1.9998
0.8,1.2,1.0986,1.9865,0.57618,0.74528,1.8288,2.2339,2.7663,0.10225,0.37745,0.65136,1.9969
0.8,1.2,1.1004,1.9925,0.57722,0.74963,1.831,2.2327,2.7621,0.10574,0.37278,0.6362,1.9999
0.8,1.2,1.1004,1.9935,0.57883,0.75031,1.8323,2.2304,2.7609,0.10783,0.36433,0.63204,2
0.8,1.2,1.1003,1.9942,0.58048,0.74701,1.8336,2.2282,2.76,0.1099,0.3557,0.62876,1.9999
0.8,1.2,1.0998,1.9943,0.58215,0.74783,1.8349,2.2258,2.7595,0.11193,0.3468,0.62709,1.9993
0.8,1.2,1.1,1.9959,0.58376,0.74851,1.8364,2.2237,2.758,0.11433,0.33893,0.62174,1.9999
0.8,1.2,1.0999,1.997,0.58542,0.74929,1.8379,2.2216,2.757,0.11669,0.33073,0.61805,2
0.8,1.2,1.0997,1.9977,0.58707,0.74758,1.8395,2.2194,2.7561,0.11908,0.32247,0.61518,1.9999
0.8,1.2,1.0992,1.998,0.58868,0.74714,1.841,2.2172,2.7558,0.12153,0.31409,0.61395,1.9993
0.8,1.2,1.0994,1.9997,0.5904,0.74792,1.8427,2.2151,2.7544,0.12413,0.30631,0.60906,1.9999
0.8,1.2,1.0993,2.0008,0.5921,0.74568,1.8443,2.213,2.7535,0.12678,0.29841,0.60574,2
0.8,1.2,1.099,2.0018,0.59378,0.74587,1.8461,2.2109,2.7527,0.12951,0.29054,0.60309,2
0.8,1.2,1.0988,2.003,0.59545,0.74303,1.8479,2.2089,2.752,0.13235,0.28279,0.6005,2
0.8,1.2,1.0986,2.0041,0.59713,0.74406,1.8497,2.2069,2.7513,0.13528,0.27513,0.59805,2
0.8,1.2,1.0983,2.0053,0.59885,0.74511,1.8516,2.2049,2.7506,0.13826,0.26752,0.59557,2
0.8,1.2,1.098,2.0064,0.60058,0.7456,1.8535,2.2029,2.75,0.14128,0.25996,0.59323,2
0.8,1.2,1.0976,2.0073,0.60227,0.74356,1.8555,2.2009,2.7495,0.14438,0.25243,0.59157,1.9998
0.8,1.2,1.0973,2.0085,0.60406,0.74468,1.8575,2.1989,2.7489,0.14749,0.24497,0.58928,1.9998
0.8,1.2,1.097,2.0097,0.60591,0.74581,1.8595,2.1969,2.7482,0.15064,0.23756,0.58682,2
0.8,1.2,1.0966,2.0106,0.6077,0.74702,1.8615,2.195,2.7477,0.15389,0.2302,0.58515,1.9998
0.8,1.2,1.0963,2.0118,0.60961,0.7482,1.8636,2.1931,2.7471,0.15715,0.2229,0.58286,2
0.8,1.2,1.0959,2.0128,0.6115,0.74944,1.8657,2.1912,2.7465,0.16049,0.21566,0.581,2
0.8,1.2,1.0955,2.0139,0.61344,0.75069,1.8679,2.1893,2.746,0.16388,0.20849,0.57912,2
0.8,1.2,1.0949,2.0147,0.61532,0.74835,1.8701,2.1874,2.7457,0.16737,0.20138,0.57791,1.9998
0.8,1.2,1.0944,2.0157,0.61729,0.74969,1.8723,2.1855,2.7452,0.1709,0.19434,0.57644,1.9998
0.8,1.2,1.0939,2.0167,0.61931,0.75105,1.8746,2.1837,2.7448,0.1745,0.18737,0.57496,1.9997
0.8,1.2,1.0933,2.0176,0.62136,0.75245,1.8769,2.1819,2.7444,0.17816,0.18047,0.57359,1.9997
0.8,1.2,1.0928,2.0185,0.62345,0.75389,1.8793,2.1801,2.7441,0.18191,0.17366,0.57233,1.9997
0.8,1.2,1.0922,2.0196,0.62569,0.75531,1.8817,2.1783,2.7436,0.18569,0.16689,0.57071,1.9999
0.8,1.2,1.0916,2.0205,0.62789,0.75681,1.8842,2.1765,2.7433,0.1896,0.16023,0.56959,2
0.8,1.2,1.0909,2.0214,0.63009,0.75479,1.8867,2.1748,2.7431,0.1936,0.15368,0.5688,1.9999
0.8,1.2,1.0901,2.0221,0.63222,0.75643,1.8894,2.1731,2.743,0.19772,0.14725,0.56851,1.9997
0.8,1.2,1.0894,2.023,0.63452,0.75808,1.892,2.1714,2.7428,0.20191,0.14089,0.5679,1.9997
0.8,1.2,1.0886,2.0238,0.63687,0.75978,1.8947,2.1698,2.7427,0.20622,0.13465,0.56746,1.9996
0.8,1.2,1.0878,2.0246,0.63927,0.76153,1.8975,2.1681,2.7426,0.21063,0.12852,0.56718,1.9996
0.8,1.2,1.0869,2.0255,0.64169,0.76334,1.9004,2.1666,2.7426,0.21519,0.12255,0.56712,1.9996
0.8,1.2,1.086,2.0263,0.64418,0.76521,1.9034,2.165,2.7427,0.21988,0.11671,0.56725,1.9995
0.8,1.2,1.0852,2.0273,0.64699,0.7671,1.9065,2.1635,2.7426,0.22467,0.11096,0.5671,1.9999
0.8,1.2,1.0842,2.0281,0.64963,0.76562,1.9096,2.162,2.7428,0.22963,0.1054,0.56762,1.9999
0.8,1.2,1.083,2.0287,0.65203,0.76774,1.9129,2.1606,2.7431,0.23477,0.10004,0.56883,1.9994
0.8,1.2,1.082,2.0294,0.65487,0.76987,1.9162,2.1592,2.7433,0.24003,0.094775,0.56968,1.9994
0.8,1.2,1.0808,2.0301,0.65767,0.7721,1.9196,2.1579,2.7437,0.24547,0.089715,0.57091,1.9993
0.8,1.2,1.0797,2.0308,0.66104,0.77097,1.9232,2.1566,2.744,0.25109,0.084812,0.57206,1.9998
0.8,1.2,1.0781,2.0312,0.6633,0.77344,1.9269,2.1554,2.7446,0.25693,0.080188,0.57422,1.9986
0.8,1.2,1.0765,2.0317,0.66569,0.77599,1.9308,2.1542,2.7452,0.26299,0.075756,0.57635,1.9976
0.8,1.2,1.0751,2.0322,0.66918,0.77858,1.9347,2.1531,2.7458,0.26926,0.071526,0.57846,1.9978
0.8,1.2,1.0726,2.0323,0.66854,0.7781,1.9388,2.152,2.7466,0.27564,0.067456,0.5814,1.9928
0.8,1.2,1.0705,2.0326,0.66957,0.78097,1.943,2.151,2.7474,0.28225,0.063564,0.58394,1.9898
0.8,1.2,1.0682,2.0328,0.67054,0.78387,1.9472,2.15,2.7482,0.28891,0.05975,0.58693,1.9866
0.8,1.2,1.0656,2.0327,0.6701,0.78356,1.9515,2.149,2.7492,0.29561,0.056028,0.59044,1.9816
0.8,1.2,1.0632,2.0327,0.67076,0.7866,1.9559,2.148,2.7501,0.30254,0.052505,0.59386,1.9778
0.8,1.2,1.0607,2.0328,0.67127,0.78647,1.9604,2.1472,2.7511,0.30972,0.049188,0.59727,1.9738
0.8,1.2,1.0579,2.0326,0.6708,0.78967,1.965,2.1463,2.7523,0.3169,0.045962,0.60141,1.9685
0.8,1.2,1.0553,2.0325,0.67163,0.79294,1.9697,2.1455,2.7534,0.32434,0.042969,0.60558,1.9646
0.8,1.2,1.101,2.0019,0.57125,0.75127,1.8359,2.2388,2.759,0.1134,0.39606,0.62528,2
0.8,1.2,1.1009,2.0033,0.57462,0.75251,1.838,2.2341,2.7566,0.11683,0.37823,0.61679,2
0.8,1.2,1.1006,2.0045,0.57804,0.75384,1.8403,2.2294,2.7544,0.12048,0.36055,0.60909,1.9999
0.8,1.2,1.1006,2.0055,0.57972,0.75453,1.8416,2.2272,2.7532,0.12252,0.35206,0.60488,2
0.8,1.2,1.1005,2.0062,0.58143,0.75194,1.843,2.2249,2.7522,0.1246,0.34355,0.60103,2
0.8,1.2,1.0999,2.0059,0.58321,0.7521,1.8441,2.2225,2.7518,0.12647,0.33434,0.59977,1.9993
0.8,1.2,1.1002,2.0077,0.58489,0.7528,1.8457,2.2205,2.7502,0.12892,0.32661,0.594,2
0.8,1.2,1.0999,2.0084,0.58662,0.75363,1.8471,2.2182,2.7493,0.13117,0.31819,0.59094,1.9999
0.8,1.2,1.0998,2.0092,0.58836,0.75447,1.8486,2.2161,2.7484,0.13354,0.30996,0.58765,1.9999
0.8,1.2,1.0996,2.0102,0.59012,0.7514,1.8502,2.2139,2.7474,0.136,0.30187,0.5841,2
0.8,1.2,1.0993,2.0109,0.59188,0.75232,1.8518,2.2118,2.7466,0.1385,0.29372,0.58141,1.9999
0.8,1.2,1.0991,2.0118,0.59365,0.75326,1.8534,2.2097,2.7458,0.1411,0.28573,0.57847,1.9999
0.8,1.2,1.0985,2.012,0.59532,0.75049,1.8551,2.2075,2.7456,0.14379,0.27762,0.57754,1.9992
0.8,1.2,1.0986,2.0136,0.59722,0.75138,1.8569,2.2055,2.7443,0.14656,0.27,0.57295,1.9998
0.8,1.2,1.0983,2.0146,0.59901,0.74868,1.8587,2.2035,2.7436,0.14943,0.26228,0.5704,1.9998
0.8,1.2,1.098,2.0158,0.60086,0.74967,1.8606,2.2015,2.7427,0.15238,0.25467,0.56753,2
0.8,1.2,1.0977,2.0168,0.60266,0.74706,1.8625,2.1995,2.7421,0.15545,0.24715,0.56537,2
0.8,1.2,1.0974,2.0179,0.60449,0.74822,1.8645,2.1975,2.7415,0.1586,0.23972,0.56325,2
0.8,1.2,1.097,2.019,0.60635,0.74572,1.8666,2.1956,2.741,0.16181,0.23235,0.56118,2
0.8,1.2,1.0965,2.0199,0.60817,0.74698,1.8687,2.1936,2.7405,0.1651,0.22503,0.55971,1.9998
0.8,1.2,1.0962,2.0211,0.61014,0.7482,1.8707,2.1917,2.7399,0.1684,0.21777,0.55735,2
0.8,1.2,1.0956,2.022,0.61202,0.74952,1.8729,2.1898,2.7395,0.17181,0.21059,0.55603,1.9998
0.8,1.2,1.0952,2.023,0.61399,0.75083,1.8751,2.1879,2.739,0.17526,0.20346,0.55434,1.9998
0.8,1.2,1.0948,2.0242,0.61608,0.75213,1.8773,2.1861,2.7385,0.17874,0.1964,0.55227,2
0.8,1.2,1.0943,2.0252,0.61813,0.75351,1.8796,2.1842,2.738,0.18233,0.18941,0.55078,1.9999
0.8,1.2,1.0937,2.0261,0.62021,0.75133,1.8819,2.1824,2.7376,0.18599,0.18251,0.54939,1.9999
0.8,1.2,1.093,2.0269,0.62224,0.75282,1.8843,2.1806,2.7374,0.18975,0.17569,0.54859,1.9997
0.8,1.2,1.0924,2.0279,0.6244,0.75431,1.8867,2.1788,2.7371,0.19357,0.16895,0.54744,1.9997
0.8,1.2,1.0918,2.0288,0.6266,0.75584,1.8892,2.1771,2.7368,0.19748,0.1623,0.54641,1.9997
0.8,1.2,1.0911,2.0297,0.62884,0.75742,1.8917,2.1753,2.7366,0.20147,0.15574,0.54552,1.9997
0.8,1.2,1.0904,2.0306,0.63112,0.75904,1.8943,2.1736,2.7363,0.20557,0.14929,0.54478,1.9997
0.8,1.2,1.0897,2.0316,0.6336,0.76067,1.897,2.1719,2.736,0.20974,0.14292,0.54372,1.9999
0.8,1.2,1.089,2.0324,0.63599,0.76239,1.8997,2.1703,2.7359,0.21406,0.13669,0.5433,1.9999
0.8,1.2,1.088,2.0332,0.63825,0.76421,1.9026,2.1687,2.736,0.21853,0.13063,0.54353,1.9996
0.8,1.2,1.0873,2.0342,0.64091,0.76601,1.9054,2.1671,2.7359,0.22309,0.12464,0.54304,1.9999
0.8,1.2,1.0862,2.0349,0.64325,0.76447,1.9085,2.1656,2.736,0.22783,0.11886,0.54367,1.9995
0.8,1.2,1.0853,2.0357,0.64584,0.76644,1.9115,2.1641,2.7361,0.23268,0.11318,0.54402,1.9995
0.8,1.2,1.0843,2.0365,0.6485,0.76847,1.9147,2.1626,2.7363,0.23766,0.10764,0.54458,1.9994
0.8,1.2,1.0833,2.0374,0.65156,0.77053,1.9179,2.1612,2.7364,0.24277,0.10223,0.54489,1.9999
0.8,1.2,1.0821,2.0379,0.65409,0.76934,1.9213,2.1598,2.7368,0.2481,0.097054,0.54627,1.9994
0.8,1.2,1.0802,2.0379,0.65526,0.77175,1.9248,2.1585,2.7376,0.25363,0.092166,0.54935,1.9969
0.8,1.2,1.0795,2.0392,0.65977,0.77398,1.9284,2.1572,2.7376,0.25926,0.087221,0.54915,1.9989
0.8,1.2,1.0784,2.0399,0.66342,0.7764,1.9321,2.156,2.738,0.26514,0.082585,0.55067,1.9996
0.8,1.2,1.0766,2.0402,0.66529,0.7757,1.936,2.1548,2.7387,0.27126,0.078245,0.55324,1.9978
0.8,1.2,1.0747,2.0405,0.66726,0.77841,1.94,2.1537,2.7394,0.27757,0.07408,0.55575,1.996
0.8,1.2,1.0726,2.0409,0.66828,0.78123,1.9442,2.1527,2.7401,0.28411,0.07012,0.55824,1.993
0.8,1.2,1.0702,2.0409,0.66832,0.78085,1.9483,2.1517,2.741,0.29064,0.066211,0.56142,1.9887
0.8,1.2,1.0678,2.041,0.66856,0.78381,1.9526,2.1507,2.7419,0.29737,0.062478,0.56454,1.9846
0.8,1.2,1.0655,2.0411,0.66952,0.78611,1.9569,2.1497,2.7428,0.30423,0.058877,0.56785,1.9812
0.8,1.2,1.0631,2.0413,0.67041,0.78665,1.9614,2.1488,2.7437,0.31132,0.055472,0.57107,1.9777
0.8,1.2,1.0605,2.0411,0.67058,0.78974,1.9659,2.148,2.7449,0.3184,0.052142,0.57513,1.9732
0.8,1.2,1.0577,2.041,0.67041,0.7898,1.9706,2.1471,2.746,0.32574,0.049043,0.57915,1.9682
0.8,1.2,1.1013,2.0145,0.5719,0.75552,1.8455,2.2357,2.7516,0.12866,0.38439,0.59893,2
0.8,1.2,1.1006,2.0151,0.57739,0.75747,1.8484,2.2283,2.7486,0.1332,0.35635,0.58838,1.9994
0.8,1.2,1.1007,2.0174,0.58076,0.75888,1.8511,2.224,2.7458,0.13746,0.33996,0.5785,1.9999
0.8,1.2,1.1006,2.0183,0.58253,0.75961,1.8524,2.2218,2.7447,0.13954,0.33152,0.57431,2
0.8,1.2,1.1004,2.019,0.58433,0.75722,1.8538,2.2195,2.7436,0.14163,0.323,0.57066,2
0.8,1.2,1.1002,2.0196,0.58615,0.75724,1.8551,2.2173,2.7426,0.1438,0.31455,0.56708,2
0.8,1.2,1.0996,2.0193,0.58799,0.75815,1.8564,2.2149,2.7423,0.14581,0.30554,0.56588,1.9993
0.8,1.2,1.0997,2.0209,0.5898,0.75894,1.858,2.2129,2.7408,0.14834,0.29781,0.56064,1.9999
0.8,1.2,1.0995,2.0216,0.59164,0.75983,1.8596,2.2107,2.7399,0.15076,0.28962,0.55742,1.9999
0.8,1.2,1.0992,2.0223,0.59349,0.75689,1.8611,2.2085,2.7391,0.15325,0.2815,0.55444,1.9998
0.8,1.2,1.0989,2.0231,0.59535,0.75785,1.8628,2.2064,2.7382,0.15583,0.27348,0.55145,1.9998
0.8,1.2,1.0986,2.0239,0.59722,0.75884,1.8645,2.2043,2.7374,0.15849,0.26555,0.5486,1.9998
0.8,1.2,1.0983,2.0247,0.59911,0.75606,1.8662,2.2023,2.7367,0.16125,0.25772,0.54588,1.9998
0.8,1.2,1.0979,2.0256,0.60102,0.75713,1.868,2.2002,2.7359,0.16409,0.24997,0.54328,1.9998
0.8,1.2,1.0977,2.0266,0.60298,0.75659,1.8699,2.1982,2.7351,0.16703,0.24236,0.54036,2
0.8,1.2,1.0972,2.0274,0.60487,0.75562,1.8718,2.1962,2.7346,0.17006,0.23477,0.53851,1.9998
0.8,1.2,1.0968,2.0283,0.60682,0.75311,1.8738,2.1942,2.734,0.17319,0.22732,0.53635,1.9998
0.8,1.2,1.0965,2.0294,0.60883,0.75229,1.8758,2.1923,2.7333,0.17641,0.21999,0.53387,2
0.8,1.2,1.096,2.0305,0.61083,0.75194,1.878,2.1904,2.7327,0.17976,0.21277,0.53194,2
0.8,1.2,1.0955,2.0313,0.61274,0.74971,1.8802,2.1885,2.7324,0.18323,0.20564,0.53079,1.9998
0.8,1.2,1.095,2.0324,0.61477,0.75107,1.8824,2.1866,2.732,0.18674,0.19857,0.52918,1.9998
0.8,1.2,1.0944,2.0334,0.61684,0.75247,1.8847,2.1848,2.7315,0.19031,0.19159,0.52768,1.9997
0.8,1.2,1.0939,2.0343,0.61895,0.7539,1.887,2.183,2.7311,0.19397,0.18467,0.52628,1.9997
0.8,1.2,1.0933,2.0353,0.62112,0.75536,1.8893,2.1812,2.7307,0.19769,0.17784,0.52489,1.9998
0.8,1.2,1.0928,2.0364,0.62338,0.75684,1.8917,2.1794,2.7303,0.20149,0.17109,0.52338,1.9999
0.8,1.2,1.0921,2.0373,0.62561,0.75839,1.8942,2.1776,2.73,0.2054,0.16443,0.52236,1.9999
0.8,1.2,1.0914,2.0381,0.6278,0.75651,1.8968,2.1759,2.7299,0.20942,0.1579,0.52183,1.9998
0.8,1.2,1.0907,2.0392,0.63025,0.75812,1.8994,2.1742,2.7296,0.2135,0.15143,0.52065,2
0.8,1.2,1.0895,2.0393,0.63191,0.75999,1.9021,2.1725,2.7301,0.21787,0.14523,0.52241,1.9987
0.8,1.2,1.0891,2.0408,0.63486,0.76162,1.9048,2.1709,2.7294,0.22208,0.13892,0.52025,1.9996
0.8,1.2,1.0882,2.0417,0.63731,0.76343,1.9077,2.1693,2.7294,0.22656,0.13286,0.52007,1.9996
0.8,1.2,1.0873,2.0425,0.63981,0.7653,1.9106,2.1677,2.7294,0.23117,0.12693,0.52007,1.9996
0.8,1.2,1.0865,2.0435,0.64263,0.7672,1.9136,2.1662,2.7293,0.23587,0.1211,0.51976,1.9999
0.8,1.2,1.0856,2.0444,0.64529,0.76579,1.9166,2.1647,2.7294,0.24074,0.11544,0.52015,1.9999
0.8,1.2,1.0844,2.045,0.64778,0.76789,1.9198,2.1632,2.7297,0.24578,0.10997,0.52114,1.9995
0.8,1.2,1.0833,2.0457,0.65056,0.77003,1.9231,2.1618,2.7299,0.25095,0.10463,0.52197,1.9995
0.8,1.2,1.0823,2.0466,0.65376,0.77222,1.9265,2.1604,2.7301,0.25628,0.099434,0.52269,1.9999
0.8,1.2,1.0809,2.0471,0.65634,0.77123,1.93,2.1591,2.7306,0.26183,0.094501,0.52443,1.9993
0.8,1.2,1.0798,2.0479,0.65999,0.77361,1.9337,2.1579,2.731,0.26755,0.089697,0.52565,2
0.8,1.2,1.0781,2.0482,0.66214,0.77618,1.9375,2.1567,2.7316,0.27353,0.085218,0.52808,1.9985
0.8,1.2,1.0768,2.0489,0.666,0.77878,1.9414,2.1556,2.7322,0.27973,0.080911,0.53009,1.9992
0.8,1.2,1.0747,2.049,0.66683,0.7783,1.9454,2.1545,2.733,0.28608,0.076814,0.53299,1.9959
0.8,1.2,1.0721,2.0491,0.66637,0.7812,1.9496,2.1534,2.7338,0.29266,0.072916,0.53588,1.991
0.8,1.2,1.07,2.0494,0.66785,0.78412,1.9539,2.1524,2.7346,0.29939,0.069154,0.53865,1.9884
0.8,1.2,1.0676,2.0494,0.66835,0.78384,1.9581,2.1515,2.7356,0.3061,0.065438,0.5421,1.9845
0.8,1.2,1.0652,2.0494,0.66869,0.78688,1.9625,2.1505,2.7366,0.31304,0.061917,0.54552,1.9804
0.8,1.2,1.0625,2.0494,0.6684,0.78683,1.967,2.1496,2.7376,0.32014,0.058564,0.54918,1.9754
0.8,1.2,1.06,2.0493,0.66926,0.78999,1.9716,2.1488,2.7387,0.3274,0.055377,0.55308,1.9716
0.8,1.2,1.1011,2.0287,0.57823,0.76225,1.8585,2.2255,2.7407,0.14905,0.34583,0.56034,1.9999
0.8,1.2,1.1006,2.0281,0.58025,0.76259,1.8593,2.2229,2.7401,0.15037,0.33595,0.55812,1.9994
0.8,1.2,1.1006,2.0304,0.5838,0.7641,1.8621,2.2186,2.7373,0.15473,0.31968,0.54834,1.9999
0.8,1.2,1.1004,2.031,0.58568,0.76489,1.8634,2.2164,2.7363,0.1568,0.31114,0.54461,1.9999
0.8,1.2,1.1002,2.0318,0.58756,0.7645,1.8648,2.2142,2.7352,0.15902,0.30286,0.54054,2
0.8,1.2,1.0996,2.0313,0.58951,0.76273,1.866,2.2118,2.7348,0.16094,0.29369,0.5394,1.9993
0.8,1.2,1.0993,2.0319,0.5914,0.76363,1.8675,2.2096,2.7339,0.16328,0.28547,0.53602,1.9993
0.8,1.2,1.0993,2.0335,0.59333,0.76448,1.8692,2.2076,2.7324,0.16589,0.27781,0.53088,1.9999
0.8,1.2,1.099,2.0341,0.59528,0.76544,1.8707,2.2054,2.7316,0.16838,0.2697,0.52776,1.9999
0.8,1.2,1.0984,2.034,0.59717,0.76268,1.8723,2.2032,2.7312,0.17082,0.26129,0.52667,1.9992
0.8,1.2,1.0983,2.0354,0.59922,0.76363,1.874,2.2012,2.7299,0.1736,0.25371,0.52202,1.9998
0.8,1.2,1.098,2.0363,0.60124,0.76466,1.8758,2.1992,2.729,0.17637,0.24595,0.51882,2
0.8,1.2,1.0976,2.0369,0.60322,0.76202,1.8776,2.1971,2.7285,0.1792,0.23814,0.51671,1.9998
0.8,1.2,1.0971,2.0376,0.60524,0.76316,1.8795,2.1951,2.7278,0.18214,0.23049,0.51426,1.9998
0.8,1.2,1.0968,2.0386,0.60734,0.76273,1.8814,2.1931,2.727,0.18518,0.22299,0.51149,2
0.8,1.2,1.0962,2.0392,0.60935,0.76186,1.8834,2.1911,2.7265,0.18832,0.21551,0.50981,1.9998
0.8,1.2,1.0959,2.0402,0.61152,0.76061,1.8854,2.1892,2.7258,0.19156,0.20822,0.50725,2
0.8,1.2,1.0953,2.041,0.61363,0.76076,1.8876,2.1873,2.7253,0.19492,0.20099,0.50549,2
0.8,1.2,1.0947,2.0418,0.6157,0.75856,1.8898,2.1854,2.7249,0.1984,0.19388,0.5042,1.9998
0.8,1.2,1.0942,2.0428,0.61792,0.7564,1.8921,2.1836,2.7244,0.20198,0.18691,0.50237,1.9999
0.8,1.2,1.0936,2.0438,0.6201,0.75438,1.8944,2.1818,2.7241,0.20571,0.18008,0.50108,1.9999
0.8,1.2,1.0929,2.0447,0.62224,0.75594,1.8969,2.18,2.7238,0.20955,0.17334,0.50028,1.9998
0.8,1.2,1.0923,2.0457,0.62459,0.75749,1.8993,2.1782,2.7234,0.21344,0.16668,0.49891,1.9999
0.8,1.2,1.0916,2.0465,0.62681,0.75914,1.9019,2.1765,2.7233,0.21747,0.16016,0.4984,1.9998
0.8,1.2,1.0909,2.0476,0.62929,0.76078,1.9045,2.1748,2.723,0.22156,0.1537,0.49723,2
0.8,1.2,1.0902,2.0485,0.63168,0.7625,1.9072,2.1731,2.7228,0.2258,0.14739,0.49676,1.9999
0.8,1.2,1.0892,2.0492,0.63395,0.76432,1.91,2.1715,2.7229,0.23019,0.14124,0.4969,1.9996
0.8,1.2,1.0885,2.0503,0.63667,0.76612,1.9128,2.1699,2.7227,0.23466,0.13517,0.49617,2
0.8,1.2,1.0875,2.0511,0.63905,0.76465,1.9157,2.1683,2.7228,0.23931,0.12929,0.49666,1.9997
0.8,1.2,1.0866,2.0519,0.64167,0.76661,1.9188,2.1668,2.7229,0.24407,0.12352,0.49689,1.9996
0.8,1.2,1.0856,2.0527,0.64436,0.76865,1.9219,2.1653,2.723,0.24898,0.1179,0.49733,1.9996
0.8,1.2,1.0845,2.0535,0.64712,0.77075,1.9251,2.1639,2.7232,0.25403,0.11244,0.498,1.9995
0.8,1.2,1.0835,2.0544,0.6503,0.76958,1.9284,2.1625,2.7233,0.25923,0.10711,0.49846,2
0.8,1.2,1.0823,2.0551,0.6532,0.77186,1.9318,2.1611,2.7237,0.26463,0.102,0.49972,1.9998
0.8,1.2,1.0811,2.0557,0.65625,0.77423,1.9354,2.1598,2.7241,0.27023,0.097098,0.50117,1.9998
0.8,1.2,1.0798,2.0564,0.65958,0.77669,1.939,2.1586,2.7245,0.27603,0.0924,0.50284,2
0.8,1.2,1.078,2.0566,0.6615,0.77605,1.9429,2.1574,2.7253,0.28208,0.087994,0.50539,1.9982
0.8,1.2,1.0763,2.0571,0.66419,0.77874,1.9468,2.1563,2.7259,0.28833,0.083758,0.50779,1.9973
0.8,1.2,1.0746,2.0576,0.66701,0.78155,1.951,2.1553,2.7266,0.29486,0.079797,0.51029,1.9964
0.8,1.2,1.072,2.0575,0.66626,0.78124,1.9551,2.1542,2.7275,0.30142,0.075915,0.5135,1.9911
0.8,1.2,1.0697,2.0576,0.66697,0.78418,1.9594,2.1532,2.7284,0.30816,0.072187,0.51662,1.9875
0.8,1.2,1.0673,2.0578,0.66755,0.78723,1.9638,2.1523,2.7293,0.31513,0.068667,0.51973,1.9837
0.8,1.2,1.0646,2.0577,0.6673,0.78711,1.9683,2.1514,2.7304,0.32208,0.065199,0.52354,1.9788
0.8,1.2,1.0622,2.0577,0.66818,0.79025,1.9728,2.1505,2.7314,0.32926,0.061934,0.52733,1.9751
0.8,1.2,1.1014,2.0413,0.57743,0.76961,1.8675,2.225,2.7346,0.16321,0.34383,0.53856,2
0.8,1.2,1.1013,2.0418,0.57936,0.7694,1.8685,2.2227,2.7334,0.16489,0.33488,0.53426,2
0.8,1.2,1.1011,2.0422,0.5813,0.76789,1.8696,2.2203,2.7322,0.16663,0.32599,0.53011,2
0.8,1.2,1.1005,2.0413,0.58346,0.7679,1.8704,2.2176,2.7317,0.16784,0.31585,0.52831,1.9994
0.8,1.2,1.1003,2.0435,0.5872,0.76953,1.8732,2.2134,2.729,0.17233,0.29974,0.51867,1.9999
0.8,1.2,1.0997,2.0429,0.58925,0.77042,1.8744,2.2109,2.7285,0.17412,0.29048,0.51692,1.9993
0.8,1.2,1.0998,2.0447,0.59117,0.77126,1.8761,2.209,2.7269,0.17675,0.28305,0.51105,2
0.8,1.2,1.0995,2.0452,0.59319,0.76881,1.8775,2.2068,2.7259,0.17904,0.2747,0.50776,2
0.8,1.2,1.0991,2.0455,0.59522,0.76929,1.879,2.2045,2.7251,0.18136,0.26633,0.50498,1.9998
0.8,1.2,1.0987,2.046,0.59727,0.77028,1.8805,2.2024,2.7243,0.18385,0.25822,0.50185,1.9998
0.8,1.2,1.0985,2.0468,0.59935,0.77129,1.8822,2.2003,2.7233,0.18647,0.25034,0.4983,2
0.8,1.2,1.0976,2.0464,0.60132,0.76866,1.8838,2.1981,2.7231,0.18897,0.24193,0.4978,1.9992
0.8,1.2,1.0975,2.0478,0.60352,0.76969,1.8856,2.1961,2.7219,0.19187,0.23446,0.49332,1.9998
0.8,1.2,1.0971,2.0484,0.60565,0.77083,1.8875,2.1941,2.7211,0.19474,0.22677,0.49065,1.9998
0.8,1.2,1.0963,2.0483,0.60761,0.76839,1.8893,2.192,2.721,0.19766,0.21892,0.49014,1.9991
0.8,1.2,1.0961,2.0497,0.60996,0.76953,1.8913,2.1901,2.7198,0.20079,0.21165,0.486,1.9998
0.8,1.2,1.0957,2.0506,0.61221,0.76978,1.8933,2.1882,2.7191,0.20399,0.2043,0.48347,2
0.8,1.2,1.095,2.0511,0.61437,0.76847,1.8954,2.1862,2.7187,0.20728,0.19698,0.482,1.9998
0.8,1.2,1.0944,2.0518,0.61662,0.76742,1.8976,2.1843,2.7182,0.2107,0.18983,0.48026,1.9998
0.8,1.2,1.0938,2.0525,0.61889,0.76767,1.8998,2.1825,2.7178,0.21424,0.1828,0.47868,1.9998
0.8,1.2,1.0928,2.0527,0.62081,0.76571,1.9022,2.1806,2.7179,0.21796,0.1759,0.47919,1.9989
0.8,1.2,1.0926,2.0543,0.62361,0.76491,1.9046,2.1789,2.7169,0.2217,0.16915,0.47575,2
0.8,1.2,1.0919,2.0551,0.62601,0.7636,1.9071,2.1771,2.7166,0.22564,0.16254,0.4747,2
0.8,1.2,1.0911,2.056,0.62839,0.76086,1.9097,2.1754,2.7165,0.22974,0.15609,0.47405,1.9999
0.8,1.2,1.0898,2.0562,0.63015,0.76193,1.9124,2.1738,2.7169,0.23412,0.1499,0.47578,1.9987
0.8,1.2,1.089,2.0571,0.63257,0.76375,1.9152,2.1722,2.7169,0.23852,0.14377,0.47548,1.9986
0.8,1.2,1.0886,2.0586,0.63573,0.76551,1.918,2.1705,2.7163,0.24294,0.13766,0.47349,1.9997
0.8,1.2,1.0877,2.0596,0.6385,0.76742,1.921,2.169,2.7162,0.24757,0.13176,0.47319,1.9999
0.8,1.2,1.0868,2.0605,0.64119,0.76609,1.924,2.1675,2.7163,0.25237,0.12602,0.47347,1.9999
0.8,1.2,1.0857,2.0613,0.64394,0.76817,1.9272,2.166,2.7164,0.2573,0.12043,0.47398,1.9999
0.8,1.2,1.0847,2.0621,0.64679,0.77032,1.9304,2.1646,2.7166,0.2624,0.11501,0.4747,1.9999
0.8,1.2,1.0834,2.0627,0.64944,0.77257,1.9337,2.1632,2.717,0.26769,0.1098,0.47603,1.9995
0.8,1.2,1.0823,2.0635,0.65277,0.77162,1.9372,2.1618,2.7173,0.27312,0.10471,0.4769,1.9999
0.8,1.2,1.0803,2.0633,0.65364,0.77412,1.9408,2.1606,2.7183,0.2788,0.1,0.48058,1.9968
0.8,1.2,1.0797,2.0647,0.65906,0.77657,1.9445,2.1593,2.7182,0.28466,0.095259,0.48034,1.9997
0.8,1.2,1.0779,2.0651,0.66127,0.77923,1.9484,2.1582,2.7189,0.29078,0.090923,0.4829,1.9982
0.8,1.2,1.0733,2.0617,0.65452,0.77548,1.9519,2.157,2.7223,0.29624,0.086556,0.49482,1.9849
0.8,1.2,1.0741,2.0658,0.66533,0.78167,1.9566,2.1561,2.7204,0.30375,0.082913,0.48807,1.9945
0.8,1.2,1.0718,2.066,0.66618,0.78461,1.9609,2.1551,2.7213,0.31047,0.079163,0.49115,1.9911
0.8,1.2,1.0695,2.0661,0.66715,0.78445,1.9652,2.1541,2.7222,0.31729,0.075533,0.49445,1.9877
0.8,1.2,1.0668,2.066,0.66663,0.78746,1.9696,2.1532,2.7232,0.32419,0.07201,0.49815,1.9825
0.8,1.2,1.0643,2.0661,0.66715,0.7875,1.9742,2.1523,2.7242,0.33142,0.068737,0.50155,1.9784
0.8,1.2,1.1008,2.0555,0.58479,0.77648,1.8809,2.2151,2.7239,0.18443,0.30625,0.5007,2
0.8,1.2,1.1006,2.0559,0.58684,0.77563,1.8821,2.2128,2.7228,0.18633,0.29753,0.49673,2
0.8,1.2,1.0999,2.0549,0.58906,0.7743,1.883,2.2102,2.7224,0.18774,0.28767,0.49514,1.9993
0.8,1.2,1.0995,2.0553,0.5911,0.77521,1.8844,2.208,2.7213,0.18989,0.27928,0.49143,1.9993
0.8,1.2,1.0992,2.0558,0.59316,0.77615,1.8858,2.2058,2.7203,0.19215,0.27099,0.48788,1.9993
0.8,1.2,1.0992,2.0573,0.59522,0.77707,1.8875,2.2038,2.7189,0.19481,0.26348,0.4826,1.9999
0.8,1.2,1.0989,2.0579,0.59735,0.77806,1.8891,2.2017,2.7178,0.19727,0.25542,0.47898,2
0.8,1.2,1.098,2.0572,0.59945,0.77535,1.8905,2.1993,2.7176,0.19947,0.24662,0.47815,1.9992
0.8,1.2,1.0979,2.0586,0.60167,0.77637,1.8923,2.1974,2.7163,0.20229,0.23915,0.47341,1.9998
0.8,1.2,1.0975,2.0591,0.60387,0.77748,1.894,2.1953,2.7154,0.205,0.23129,0.47049,1.9998
0.8,1.2,1.097,2.0595,0.60608,0.77522,1.8957,2.1932,2.7147,0.2078,0.22349,0.46796,1.9998
0.8,1.2,1.0961,2.0592,0.60816,0.77617,1.8975,2.1911,2.7145,0.21061,0.21551,0.46724,1.9991
0.8,1.2,1.096,2.0608,0.61065,0.77732,1.8995,2.1892,2.7132,0.21377,0.20834,0.46257,2
0.8,1.2,1.095,2.0603,0.61266,0.77504,1.9015,2.1872,2.7133,0.21682,0.20061,0.46276,1.9991
0.8,1.2,1.0947,2.0617,0.61523,0.7763,1.9036,2.1853,2.7122,0.22015,0.19352,0.45889,1.9998
0.8,1.2,1.0942,2.0624,0.61766,0.77578,1.9057,2.1834,2.7116,0.22354,0.18638,0.45665,2
0.8,1.2,1.0934,2.0628,0.61997,0.77553,1.908,2.1815,2.7112,0.22705,0.17929,0.45549,1.9998
0.8,1.2,1.0928,2.0636,0.62247,0.7752,1.9103,2.1797,2.7107,0.2307,0.17239,0.45372,2
0.8,1.2,1.092,2.0641,0.62485,0.77504,1.9127,2.1779,2.7105,0.2345,0.16561,0.4529,1.9998
0.8,1.2,1.0912,2.0647,0.62731,0.77318,1.9152,2.1762,2.7103,0.23845,0.15901,0.45206,1.9997
0.8,1.2,1.0905,2.0656,0.62998,0.77373,1.9178,2.1745,2.7099,0.24255,0.15257,0.45086,1.9999
0.8,1.2,1.0896,2.0664,0.63256,0.77319,1.9205,2.1728,2.7098,0.24685,0.14632,0.45039,1.9999
0.8,1.2,1.0888,2.0672,0.63519,0.77158,1.9234,2.1712,2.7097,0.25132,0.14026,0.4502,1.9999
0.8,1.2,1.0878,2.0681,0.63786,0.76932,1.9263,2.1697,2.7098,0.25597,0.13437,0.45026,1.9999
0.8,1.2,1.0868,2.0689,0.6406,0.76897,1.9294,2.1682,2.7099,0.26079,0.12866,0.4506,1.9999
0.8,1.2,1.0858,2.0697,0.64343,0.77108,1.9325,2.1667,2.71,0.26577,0.12312,0.45112,1.9999
0.8,1.2,1.0847,2.0705,0.64632,0.77003,1.9358,2.1653,2.7102,0.27091,0.11774,0.45193,1.9999
0.8,1.2,1.0829,2.0705,0.64774,0.77239,1.9392,2.164,2.7111,0.27629,0.11269,0.45515,1.9976
0.8,1.2,1.0822,2.0718,0.65207,0.7747,1.9427,2.1626,2.711,0.28175,0.10759,0.45466,1.9994
0.8,1.2,1.081,2.0726,0.65563,0.77716,1.9463,2.1613,2.7114,0.28748,0.10279,0.45595,1.9998
0.8,1.2,1.0794,2.073,0.65829,0.77659,1.9501,2.1601,2.712,0.29344,0.098295,0.45831,1.9989
0.8,1.2,1.0778,2.0735,0.66119,0.7793,1.954,2.159,2.7127,0.29966,0.094029,0.46067,1.9982
0.8,1.2,1.0761,2.074,0.66419,0.78214,1.9582,2.158,2.7134,0.30617,0.090044,0.46311,1.9975
0.8,1.2,1.0736,2.074,0.66403,0.78189,1.9624,2.157,2.7143,0.31277,0.08621,0.46641,1.9929
0.8,1.2,1.0712,2.0741,0.66467,0.78485,1.9667,2.156,2.7152,0.31955,0.082531,0.46961,1.9892
0.8,1.2,1.069,2.0743,0.66602,0.78791,1.9711,2.1551,2.7161,0.32657,0.079046,0.4727,1.9862
0.8,1.2,1.0663,2.0742,0.66594,0.78786,1.9755,2.1542,2.7172,0.33354,0.075607,0.47662,1.9814
0.8,1.2,1.1003,2.0667,0.58684,0.78123,1.8907,2.2118,2.7176,0.19984,0.29385,0.47811,1.9993
0.8,1.2,1.1003,2.0685,0.58874,0.78213,1.8924,2.2099,2.7159,0.20245,0.28661,0.47219,1.9999
0.8,1.2,1.1,2.0688,0.59091,0.78303,1.8936,2.2076,2.7148,0.20444,0.278,0.46831,1.9999
0.8,1.2,1.0997,2.0694,0.59306,0.78283,1.895,2.2054,2.7137,0.20665,0.26975,0.46412,2
0.8,1.2,1.0989,2.0683,0.59535,0.78114,1.896,2.2029,2.7133,0.20827,0.26015,0.46292,1.9993
0.8,1.2,1.0985,2.0686,0.59753,0.78216,1.8975,2.2007,2.7124,0.21063,0.25197,0.4595,1.9993
0.8,1.2,1.0984,2.0701,0.59976,0.78318,1.8993,2.1988,2.7109,0.21341,0.24457,0.45437,1.9998
0.8,1.2,1.0979,2.0703,0.60202,0.78426,1.9009,2.1967,2.7101,0.21592,0.23647,0.45143,1.9998
0.8,1.2,1.0974,2.0707,0.60431,0.78163,1.9026,2.1946,2.7093,0.21856,0.22852,0.44853,1.9998
0.8,1.2,1.0965,2.0701,0.60651,0.78285,1.9042,2.1924,2.709,0.22111,0.22023,0.44757,1.9992
0.8,1.2,1.0964,2.0716,0.609,0.784,1.9062,2.1905,2.7076,0.22421,0.21306,0.44275,2
0.8,1.2,1.0958,2.072,0.61138,0.78415,1.9081,2.1885,2.707,0.2272,0.20547,0.44027,2
0.8,1.2,1.0947,2.0714,0.61351,0.78297,1.9099,2.1864,2.707,0.23014,0.1976,0.4404,1.9991
0.8,1.2,1.0944,2.0726,0.61618,0.78426,1.912,2.1845,2.7059,0.23349,0.19056,0.43648,1.9998
0.8,1.2,1.0934,2.0723,0.61834,0.78213,1.9141,2.1826,2.7059,0.23678,0.18314,0.43656,1.999
0.8,1.2,1.0931,2.0737,0.62124,0.78352,1.9164,2.1808,2.7048,0.24038,0.17634,0.4326,2
0.8,1.2,1.0923,2.0742,0.62379,0.78339,1.9187,2.1789,2.7044,0.24404,0.16943,0.43119,2
0.8,1.2,1.0915,2.0745,0.62627,0.78312,1.9212,2.1771,2.7042,0.24784,0.16265,0.43049,1.9998
0.8,1.2,1.0907,2.0752,0.62899,0.78238,1.9237,2.1754,2.7038,0.25182,0.15609,0.42922,1.9999
0.8,1.2,1.0897,2.0756,0.63151,0.78305,1.9263,2.1737,2.7038,0.256,0.14971,0.42905,1.9997
0.8,1.2,1.0888,2.0762,0.63421,0.78142,1.9291,2.1721,2.7037,0.26036,0.14353,0.42869,1.9996
0.8,1.2,1.0879,2.0771,0.63721,0.78179,1.932,2.1705,2.7035,0.26488,0.13752,0.42802,2
0.8,1.2,1.0869,2.0777,0.64003,0.78124,1.935,2.169,2.7036,0.2696,0.1317,0.42825,1.9999
0.8,1.2,1.0858,2.0784,0.64295,0.78016,1.9381,2.1675,2.7037,0.2745,0.12608,0.42869,1.9999
0.8,1.2,1.0847,2.079,0.64596,0.77876,1.9413,2.1661,2.7039,0.27962,0.12068,0.42944,1.9999
0.8,1.2,1.0835,2.0797,0.64904,0.777,1.9447,2.1647,2.7042,0.28495,0.1155,0.43051,1.9999
0.8,1.2,1.0821,2.0802,0.65184,0.77484,1.9482,2.1634,2.7047,0.29054,0.1106,0.4323,1.9993
0.8,1.2,1.0809,2.081,0.6556,0.77718,1.9519,2.1622,2.7051,0.29634,0.10588,0.43363,1.9999
0.8,1.2,1.0794,2.0815,0.65884,0.77985,1.9558,2.161,2.7057,0.30241,0.10147,0.43586,1.9997
0.8,1.2,1.0774,2.0818,0.66076,0.77951,1.9598,2.1599,2.7065,0.30872,0.097336,0.43873,1.9977
0.8,1.2,1.0758,2.0823,0.6643,0.78243,1.964,2.1589,2.7072,0.31533,0.093449,0.44133,1.9975
0.8,1.2,1.0733,2.0824,0.66439,0.78536,1.9683,2.1579,2.7081,0.3221,0.089748,0.44447,1.9931
0.8,1.2,1.0708,2.0823,0.66439,0.78525,1.9726,2.1569,2.7091,0.3289,0.086129,0.44808,1.9886
0.8,1.2,1.0682,2.0823,0.66449,0.7883,1.9771,2.156,2.7102,0.33594,0.082718,0.45165,1.9841
0.8,1.2,1.0997,2.0799,0.59109,0.78706,1.9024,2.2068,2.7096,0.2183,0.27482,0.4497,1.9993
0.8,1.2,1.0993,2.0802,0.59331,0.78802,1.9037,2.2045,2.7085,0.22035,0.26634,0.44582,1.9993
0.8,1.2,1.0989,2.0805,0.59556,0.78903,1.9051,2.2023,2.7075,0.22251,0.25797,0.44209,1.9993
0.8,1.2,1.0989,2.0822,0.59774,0.79006,1.9069,2.2005,2.7058,0.22538,0.25094,0.43625,2
0.8,1.2,1.0984,2.0825,0.6001,0.79073,1.9084,2.1983,2.7048,0.2277,0.24267,0.43277,2
0.8,1.2,1.0974,2.0813,0.60246,0.78849,1.9096,2.1959,2.7046,0.22963,0.23349,0.43188,1.9992
0.8,1.2,1.0972,2.0826,0.60487,0.78962,1.9114,2.1939,2.7032,0.23253,0.22619,0.42707,1.9998
0.8,1.2,1.0966,2.0828,0.60728,0.79082,1.9132,2.1919,2.7024,0.23523,0.2183,0.42425,1.9998
0.8,1.2,1.0961,2.0831,0.60973,0.78952,1.915,2.1898,2.7017,0.23807,0.21057,0.4215,1.9998
0.8,1.2,1.0951,2.0824,0.61203,0.78968,1.9167,2.1877,2.7015,0.2408,0.20249,0.42094,1.9991
0.8,1.2,1.0948,2.0836,0.61473,0.79097,1.9188,2.1858,2.7003,0.24409,0.19543,0.4168,1.9998
0.8,1.2,1.0941,2.0841,0.61733,0.79065,1.9208,2.1839,2.6997,0.24734,0.18814,0.41439,2
0.8,1.2,1.0929,2.0833,0.61954,0.79025,1.9229,2.1819,2.6998,0.25055,0.18059,0.41482,1.999
0.8,1.2,1.0926,2.0847,0.62256,0.79169,1.9252,2.1801,2.6987,0.25421,0.17386,0.41095,2
0.8,1.2,1.0895,2.0801,0.62287,0.78654,1.9272,2.178,2.7016,0.25734,0.1658,0.42114,1.9947
0.8,1.2,1.0908,2.0852,0.62787,0.79137,1.93,2.1765,2.6981,0.26172,0.16023,0.40885,1.9998
0.8,1.2,1.09,2.0858,0.63073,0.79096,1.9325,2.1748,2.6978,0.26578,0.15376,0.40767,1.9999
0.8,1.2,1.089,2.0861,0.63342,0.79141,1.9352,2.1731,2.6977,0.27003,0.14745,0.40753,1.9997
0.8,1.2,1.0879,2.0865,0.63623,0.78985,1.938,2.1715,2.6977,0.27446,0.14135,0.40739,1.9996
0.8,1.2,1.087,2.0872,0.63937,0.79016,1.941,2.17,2.6976,0.27909,0.13544,0.40695,1.9999
0.8,1.2,1.0859,2.0877,0.64241,0.79049,1.944,2.1685,2.6977,0.2839,0.12973,0.40723,1.9999
0.8,1.2,1.0845,2.088,0.64519,0.78933,1.9472,2.167,2.698,0.28894,0.12426,0.40836,1.9994
0.8,1.2,1.0833,2.0884,0.64831,0.78831,1.9506,2.1656,2.6982,0.29421,0.11902,0.40933,1.9993
0.8,1.2,1.082,2.0889,0.6516,0.78745,1.9541,2.1643,2.6986,0.29972,0.11403,0.41055,1.9993
0.8,1.2,1.0805,2.0894,0.65489,0.78677,1.9577,2.1631,2.6991,0.3055,0.10931,0.41227,1.9991
0.8,1.2,1.0791,2.09,0.65879,0.7863,1.9616,2.1619,2.6996,0.3116,0.1049,0.41408,1.9996
0.8,1.2,1.0776,2.0905,0.66284,0.78471,1.9657,2.1608,2.7003,0.31802,0.10084,0.41666,2
0.8,1.2,1.0752,2.0905,0.66324,0.78338,1.9699,2.1598,2.7012,0.32473,0.097089,0.41976,1.9959
0.8,1.2,1.0728,2.0905,0.66355,0.78577,1.9742,2.1589,2.7022,0.33148,0.093421,0.42337,1.9918
0.8,1.2,1.0704,2.0907,0.66444,0.78585,1.9787,2.158,2.7031,0.33857,0.090014,0.42663,1.9882
0.8,1.2,1.0998,2.0946,0.59324,0.79601,1.9138,2.2046,2.7022,0.23617,0.26674,0.42346,2
0.8,1.2,1.0993,2.0947,0.59564,0.79683,1.915,2.2024,2.7011,0.23814,0.25808,0.41958,2
0.8,1.2,1.0984,2.0931,0.59824,0.79424,1.9158,2.1997,2.7008,0.2394,0.24793,0.41823,1.9993
0.8,1.2,1.0978,2.0932,0.60063,0.79535,1.9173,2.1975,2.6998,0.24169,0.23971,0.41469,1.9992
0.8,1.2,1.0977,2.0949,0.60302,0.79649,1.9192,2.1957,2.6982,0.24469,0.23276,0.40906,2
0.8,1.2,1.0967,2.0936,0.60551,0.79533,1.9204,2.1932,2.6979,0.24662,0.22358,0.40817,1.9992
0.8,1.2,1.0961,2.0938,0.608,0.79521,1.9221,2.1912,2.6971,0.24927,0.2157,0.40519,1.9992
0.8,1.2,1.0954,2.0939,0.61051,0.7965,1.9238,2.1891,2.6963,0.25206,0.20797,0.40243,1.9991
0.8,1.2,1.0951,2.0951,0.61324,0.7978,1.9259,2.1873,2.6951,0.25528,0.20092,0.39801,1.9998
0.8,1.2,1.0944,2.0955,0.61592,0.79738,1.9278,2.1853,2.6943,0.2584,0.1935,0.39536,2
0.8,1.2,1.0932,2.0944,0.61825,0.797,1.9297,2.1832,2.6944,0.26136,0.18566,0.39557,1.999
0.8,1.2,1.0928,2.0955,0.62125,0.79846,1.932,2.1814,2.6933,0.26493,0.17885,0.39187,1.9998
0.8,1.2,1.0916,2.0948,0.62362,0.79647,1.9342,2.1795,2.6934,0.26833,0.17155,0.39219,1.9989
0.8,1.2,1.0907,2.0951,0.62635,0.79813,1.9365,2.1777,2.6931,0.27207,0.16477,0.39088,1.9988
0.8,1.2,1.0902,2.0963,0.62977,0.79979,1.9391,2.176,2.6921,0.27614,0.1584,0.38762,1.9999
0.8,1.2,1.0887,2.0957,0.63193,0.79813,1.9417,2.1743,2.6926,0.28018,0.15183,0.3892,1.9986
0.8,1.2,1.0877,2.096,0.63479,0.79691,1.9444,2.1727,2.6925,0.28453,0.14567,0.38881,1.9985
0.8,1.2,1.087,2.0971,0.63853,0.79848,1.9474,2.1711,2.6919,0.28913,0.13976,0.38681,1.9997
0.8,1.2,1.0858,2.0974,0.64163,0.79796,1.9504,2.1696,2.692,0.29388,0.13398,0.38701,1.9996
0.8,1.2,1.0846,2.0977,0.64481,0.79885,1.9535,2.1681,2.6921,0.29884,0.12843,0.38754,1.9995
0.8,1.2,1.0833,2.098,0.6481,0.79824,1.9568,2.1667,2.6924,0.30404,0.12312,0.38841,1.9995
0.8,1.2,1.082,2.0984,0.65181,0.79734,1.9603,2.1654,2.6926,0.30953,0.11808,0.38934,1.9998
0.8,1.2,1.0805,2.0987,0.65537,0.79663,1.9639,2.1641,2.6931,0.31529,0.11335,0.39101,1.9998
0.8,1.2,1.0787,2.0987,0.65806,0.79619,1.9678,2.163,2.6938,0.32136,0.10896,0.39355,1.9986
0.8,1.2,1.0767,2.0988,0.66026,0.7958,1.9719,2.1619,2.6946,0.32776,0.1049,0.39619,1.9967
0.8,1.2,1.0746,2.0989,0.66238,0.79555,1.9761,2.1609,2.6954,0.33441,0.10108,0.39919,1.9946
0.8,1.2,1.0723,2.099,0.6636,0.79549,1.9805,2.1599,2.6963,0.34136,0.097526,0.40223,1.9913
0.8,1.2,1.0986,2.107,0.59859,0.80228,1.9259,2.1997,2.6947,0.25527,0.24815,0.39672,1.9999
0.8,1.2,1.0981,2.1073,0.60111,0.80341,1.9273,2.1976,2.6936,0.25754,0.23996,0.39269,2
0.8,1.2,1.0975,2.1073,0.60371,0.80458,1.9287,2.1954,2.6926,0.25979,0.23161,0.38919,2
0.8,1.2,1.094,2.1,0.60863,0.79972,1.9301,2.1897,2.6941,0.26195,0.21012,0.39448,1.9959
0.8,1.2,1.0954,2.107,0.6117,0.80466,1.9335,2.1889,2.6901,0.26725,0.20719,0.38037,1.9998
0.8,1.2,1.0947,2.107,0.61443,0.80421,1.9353,2.1869,2.6894,0.27009,0.19946,0.37777,1.9998
0.8,1.2,1.0935,2.106,0.61699,0.80383,1.937,2.1847,2.6892,0.27277,0.19129,0.37729,1.999
0.8,1.2,1.093,2.107,0.62002,0.80531,1.9392,2.1829,2.6881,0.27627,0.18448,0.37328,1.9998
0.8,1.2,1.0922,2.1073,0.62294,0.80444,1.9414,2.181,2.6875,0.27969,0.17738,0.37109,2
0.8,1.2,1.0912,2.1071,0.62577,0.8049,1.9436,2.1792,2.6872,0.28323,0.17032,0.36996,1.9998
0.8,1.2,1.0903,2.1072,0.62871,0.80662,1.946,2.1774,2.6868,0.28703,0.16357,0.36877,1.9998
0.8,1.2,1.0889,2.1064,0.63113,0.8049,1.9485,2.1756,2.6871,0.29091,0.15684,0.36981,1.9987
0.8,1.2,1.0882,2.1075,0.63476,0.80677,1.9513,2.174,2.6865,0.29531,0.15076,0.36739,1.9997
0.8,1.2,1.0866,2.1068,0.6371,0.80529,1.954,2.1724,2.6869,0.29962,0.14453,0.36903,1.9984
0.8,1.2,1.0859,2.1079,0.64131,0.80734,1.9571,2.1709,2.6863,0.30443,0.13882,0.36686,1.9999
0.8,1.2,1.0841,2.107,0.64328,0.80612,1.9601,2.1693,2.6871,0.3092,0.13311,0.36952,1.998
0.8,1.2,1.0833,2.1082,0.6481,0.80627,1.9634,2.1679,2.6867,0.31449,0.12783,0.3681,1.9999
0.8,1.2,1.0817,2.1081,0.65126,0.80703,1.9669,2.1666,2.6871,0.3199,0.12276,0.36968,1.9994
0.8,1.2,1.0803,2.1083,0.65531,0.80672,1.9705,2.1654,2.6875,0.32566,0.118,0.37097,1.9998
0.8,1.2,1.0778,2.1073,0.65545,0.80604,1.9742,2.1642,2.6886,0.33147,0.1135,0.37518,1.9953
0.8,1.2,1.0765,2.1081,0.66101,0.80578,1.9784,2.1631,2.6889,0.3381,0.10952,0.37613,1.9973
0.8,1.2,1.0741,2.1079,0.66205,0.80552,1.9827,2.1621,2.6898,0.34478,0.10574,0.37918,1.9938
0.8,1.2,1.0996,2.12,0.59402,0.80819,1.9334,2.2042,2.6917,0.2672,0.26494,0.38596,1.9999
0.8,1.2,1.0979,2.1196,0.60186,0.80885,1.9371,2.1973,2.6883,0.273,0.23902,0.37401,1.9999
0.8,1.2,1.0968,2.1179,0.60471,0.80893,1.938,2.1947,2.6878,0.27438,0.22909,0.37232,1.9992
0.8,1.2,1.0965,2.1193,0.60731,0.81021,1.94,2.1929,2.6863,0.2775,0.22236,0.36702,1.9998
0.8,1.2,1.0959,2.1194,0.61009,0.81153,1.9416,2.1908,2.6854,0.2801,0.21447,0.3635,2
0.8,1.2,1.095,2.1191,0.61292,0.80971,1.9432,2.1887,2.6846,0.28262,0.2063,0.36095,1.9998
0.8,1.2,1.0938,2.1177,0.61565,0.81067,1.9447,2.1864,2.6844,0.28495,0.19769,0.36016,1.9991
0.8,1.2,1.0933,2.1188,0.61871,0.81217,1.9469,2.1846,2.6832,0.28839,0.19092,0.35586,1.9998
0.8,1.2,1.0925,2.1189,0.62174,0.81198,1.9489,2.1827,2.6825,0.29163,0.18365,0.35336,2
0.8,1.2,1.0911,2.1176,0.62435,0.8118,1.9508,2.1806,2.6826,0.29463,0.17584,0.35381,1.9989
0.8,1.2,1.0904,2.1185,0.62778,0.81352,1.9533,2.1789,2.6817,0.29854,0.16939,0.35044,1.9998
0.8,1.2,1.089,2.1176,0.63034,0.81179,1.9556,2.1771,2.6819,0.3022,0.1624,0.35125,1.9987
0.8,1.2,1.0883,2.1185,0.63406,0.81369,1.9584,2.1755,2.6812,0.30655,0.1563,0.34865,1.9997
0.8,1.2,1.0871,2.1185,0.6373,0.81398,1.9612,2.1738,2.6811,0.3109,0.15012,0.34829,1.9997
0.8,1.2,1.0858,2.1185,0.64062,0.81427,1.9641,2.1723,2.6811,0.31548,0.14418,0.34824,1.9996
0.8,1.2,1.0845,2.1184,0.64404,0.81302,1.9671,2.1708,2.6812,0.32032,0.13849,0.34858,1.9996
0.8,1.2,1.0832,2.1185,0.64786,0.81492,1.9704,2.1693,2.6813,0.32545,0.1331,0.34893,1.9999
0.8,1.2,1.0816,2.1183,0.65116,0.81441,1.9738,2.168,2.6817,0.33081,0.12797,0.35046,1.9994
0.8,1.2,1.0794,2.1172,0.65264,0.81359,1.9773,2.1667,2.6827,0.33631,0.12309,0.35387,1.9965
0.8,1.2,1.0781,2.1179,0.65818,0.81435,1.9813,2.1656,2.6828,0.34262,0.11881,0.35428,1.9984
0.8,1.2,1.0763,2.1179,0.6621,0.8149,1.9854,2.1645,2.6834,0.34915,0.11483,0.35668,1.9981
0.8,1.2,1.0976,2.1322,0.60278,0.81586,1.9473,2.1973,2.6831,0.28904,0.23879,0.35563,1.9999
0.8,1.2,1.097,2.1322,0.60554,0.81712,1.9488,2.1951,2.682,0.29136,0.2307,0.35156,2
0.8,1.2,1.0962,2.1316,0.60845,0.81843,1.9501,2.1928,2.6811,0.29344,0.22204,0.34845,1.9998
0.8,1.2,1.095,2.1299,0.61142,0.81606,1.9511,2.1903,2.6808,0.29512,0.21251,0.34713,1.9992
0.8,1.2,1.0945,2.1311,0.61433,0.81752,1.9533,2.1886,2.6794,0.29846,0.2059,0.34223,1.9998
0.8,1.2,1.0936,2.1308,0.61735,0.81903,1.955,2.1865,2.6786,0.30124,0.19811,0.33952,1.9998
0.8,1.2,1.0928,2.1308,0.62046,0.81824,1.957,2.1846,2.6778,0.30431,0.19068,0.33672,2
0.8,1.2,1.0917,2.1303,0.62356,0.81862,1.9589,2.1826,2.6773,0.30739,0.18313,0.33499,1.9998
0.8,1.2,1.0906,2.1301,0.62675,0.82038,1.9611,2.1807,2.6768,0.31081,0.17599,0.33323,1.9998
0.8,1.2,1.0895,2.13,0.62999,0.81915,1.9635,2.1789,2.6765,0.31452,0.16914,0.3319,1.9998
0.8,1.2,1.0884,2.1298,0.63331,0.82059,1.966,2.1771,2.6762,0.31847,0.16255,0.33093,1.9997
0.8,1.2,1.0872,2.1299,0.63686,0.82076,1.9687,2.1755,2.6759,0.32273,0.15628,0.32995,1.9999
0.8,1.2,1.0858,2.1295,0.6402,0.82127,1.9715,2.1738,2.676,0.32712,0.15013,0.33009,1.9997
0.8,1.2,1.0845,2.1295,0.64401,0.82178,1.9745,2.1723,2.6759,0.33191,0.14439,0.32991,1.9999
0.8,1.2,1.0829,2.129,0.64743,0.82242,1.9777,2.1709,2.6762,0.33691,0.13889,0.33093,1.9995
0.8,1.2,1.0808,2.1278,0.64934,0.82142,1.9809,2.1695,2.677,0.34204,0.13361,0.33389,1.9971
0.8,1.2,1.0798,2.1286,0.65554,0.82224,1.9847,2.1683,2.6769,0.34805,0.12901,0.33333,1.9998
0.8,1.2,1.0779,2.1282,0.65951,0.8232,1.9886,2.1671,2.6775,0.35416,0.12463,0.33553,1.9995
0.8,1.2,1.0961,2.1423,0.60712,0.82152,1.9583,2.1945,2.6776,0.3064,0.22825,0.33607,1.9992
0.8,1.2,1.0953,2.1421,0.60999,0.8229,1.9598,2.1924,2.6766,0.3088,0.22028,0.33249,1.9992
0.8,1.2,1.0949,2.1434,0.61284,0.82436,1.962,2.1907,2.6752,0.31223,0.21402,0.32728,1.9998
0.8,1.2,1.0939,2.143,0.61595,0.82587,1.9636,2.1886,2.6743,0.31481,0.20602,0.32426,1.9998
0.8,1.2,1.0908,2.1348,0.61842,0.82012,1.9631,2.1849,2.6767,0.3139,0.19201,0.33274,1.9954
0.8,1.2,1.0919,2.1422,0.62238,0.82545,1.9673,2.1845,2.6729,0.32056,0.19064,0.31912,1.9998
0.8,1.2,1.0908,2.1418,0.62568,0.82722,1.9693,2.1826,2.6723,0.32379,0.18332,0.31707,1.9998
0.8,1.2,1.0893,2.1404,0.62862,0.82547,1.9713,2.1806,2.6724,0.32685,0.17562,0.31734,1.9988
0.8,1.2,1.0885,2.1412,0.63249,0.82745,1.974,2.179,2.6715,0.33111,0.16954,0.31426,1.9997
0.8,1.2,1.0872,2.141,0.63603,0.8273,1.9766,2.1773,2.6713,0.33518,0.16306,0.31346,1.9997
0.8,1.2,1.0858,2.1406,0.63967,0.82819,1.9793,2.1756,2.6712,0.33949,0.15685,0.31302,1.9997
0.8,1.2,1.0844,2.1403,0.64341,0.82823,1.9822,2.1741,2.6712,0.34411,0.15094,0.31304,1.9996
0.8,1.2,1.0828,2.1399,0.64724,0.82947,1.9854,2.1726,2.6713,0.34904,0.14536,0.31351,1.9995
0.8,1.2,1.0806,2.1385,0.64951,0.82853,1.9885,2.1711,2.6721,0.35399,0.1399,0.31634,1.9973
0.8,1.2,1.0794,2.1391,0.65581,0.82951,1.9924,2.1699,2.6719,0.36008,0.13537,0.31572,1.9998
0.8,1.2,1.0952,2.1559,0.6113,0.83116,1.9712,2.1931,2.6713,0.32676,0.22286,0.3135,1.9998
0.8,1.2,1.0943,2.1553,0.6145,0.83083,1.9727,2.1909,2.6704,0.32913,0.21468,0.31014,1.9998
0.8,1.2,1.0929,2.1531,0.61784,0.83055,1.9737,2.1883,2.67,0.33073,0.20502,0.30898,1.9991
0.8,1.2,1.0922,2.1542,0.62112,0.83223,1.9761,2.1867,2.6687,0.33446,0.19889,0.30433,1.9998
0.8,1.2,1.0911,2.1537,0.62453,0.83286,1.978,2.1847,2.6681,0.33749,0.19137,0.30198,1.9998
0.8,1.2,1.0895,2.1519,0.62772,0.83224,1.9797,2.1826,2.668,0.34018,0.18321,0.30192,1.9989
0.8,1.2,1.0886,2.1527,0.63159,0.83425,1.9824,2.181,2.6671,0.34443,0.17722,0.29859,1.9997
0.8,1.2,1.0869,2.1512,0.63467,0.83277,1.9846,2.1791,2.6673,0.34786,0.16996,0.29945,1.9986
0.8,1.2,1.0859,2.1518,0.63905,0.83504,1.9876,2.1776,2.6666,0.35254,0.16425,0.29695,1.9997
0.8,1.2,1.0844,2.1515,0.64316,0.83543,1.9905,2.176,2.6665,0.35713,0.15832,0.29641,1.9999
0.8,1.2,1.0827,2.1507,0.64698,0.83642,1.9935,2.1745,2.6667,0.36188,0.15256,0.29712,1.9995
0.8,1.2,1.0805,2.1491,0.64945,0.8355,1.9965,2.173,2.6675,0.36665,0.14692,0.29983,1.9973
0.8,1.2,1.0956,2.168,0.60967,0.83779,1.981,2.1956,2.6678,0.34213,0.23239,0.30123,1.9998
0.8,1.2,1.0941,2.165,0.61357,0.83559,1.9812,2.1925,2.6673,0.34246,0.22071,0.2994,1.9992
0.8,1.2,1.0931,2.1647,0.6167,0.8372,1.9829,2.1905,2.6664,0.34514,0.21323,0.29593,1.9991
0.8,1.2,1.0925,2.1661,0.61972,0.83887,1.9855,2.1891,2.6649,0.34922,0.208,0.29087,1.9998
0.8,1.2,1.0909,2.1638,0.6233,0.83701,1.9866,2.1866,2.6647,0.35096,0.19853,0.29003,1.999
0.8,1.2,1.0897,2.1634,0.62673,0.83891,1.9886,2.1848,2.664,0.35422,0.19146,0.2877,1.9989
0.8,1.2,1.0888,2.1642,0.63058,0.84093,1.9914,2.1832,2.663,0.35849,0.18566,0.28404,1.9998
0.8,1.2,1.0852,2.1564,0.63177,0.83579,1.9914,2.1801,2.6658,0.35851,0.17382,0.29391,1.9939
0.8,1.2,1.0856,2.1618,0.63764,0.84107,1.9959,2.1795,2.6629,0.3657,0.17166,0.28379,1.9985
0.8,1.2,1.084,2.1612,0.64147,0.84057,1.9987,2.1779,2.6628,0.3701,0.16561,0.28342,1.9983
0.8,1.2,1.0827,2.1616,0.64657,0.84323,2.0021,2.1766,2.6624,0.37537,0.16043,0.2817,1.9996
0.8,1.2,1.094,2.1789,0.61471,0.84372,1.9938,2.1939,2.6624,0.36235,0.22595,0.28201,1.9998
0.8,1.2,1.0929,2.1781,0.6182,0.8454,1.9953,2.1917,2.6615,0.36474,0.21787,0.27856,1.9998
0.8,1.2,1.0912,2.1753,0.62201,0.8435,1.9961,2.1891,2.6611,0.36603,0.20772,0.27741,1.9991
0.8,1.2,1.0904,2.1764,0.62552,0.84537,1.9988,2.1876,2.6599,0.37019,0.20228,0.27284,1.9998
0.8,1.2,1.0891,2.1756,0.62932,0.84674,2.0008,2.1857,2.6593,0.37338,0.19494,0.2707,1.9998
0.8,1.2,1.0873,2.1735,0.63285,0.8459,2.0026,2.1836,2.6594,0.37615,0.18688,0.27103,1.9988
0.8,1.2,1.0862,2.1741,0.63727,0.84822,2.0055,2.1821,2.6585,0.38085,0.18135,0.26807,1.9997
0.8,1.2,1.0841,2.172,0.64071,0.84705,2.0078,2.1802,2.6589,0.38436,0.17422,0.26934,1.9984
0.8,1.2,1.0926,2.1874,0.61758,0.84832,2.0041,2.1934,2.6587,0.37852,0.22419,0.26877,1.9991
0.8,1.2,1.0915,2.1869,0.62089,0.85008,2.0059,2.1916,2.6578,0.38144,0.2172,0.26534,1.9991
0.8,1.2,1.0907,2.1882,0.6243,0.85194,2.0086,2.1902,2.6564,0.38572,0.21219,0.26047,1.9998
0.8,1.2,1.0889,2.1855,0.62812,0.85029,2.0098,2.1878,2.6562,0.38759,0.20292,0.2599,1.9989
0.8,1.2,1.0879,2.1862,0.6322,0.85244,2.0127,2.1864,2.6552,0.39209,0.19753,0.25613,1.9998
0.8,1.2,1.0863,2.1852,0.63634,0.85373,2.0151,2.1846,2.6548,0.39584,0.19076,0.25485,1.9997
0.8,1.2,1.0922,2.2012,0.61936,0.85673,2.0171,2.195,2.654,0.39909,0.23039,0.25193,1.9998
0.8,1.2,1.091,2.2006,0.62313,0.85859,2.0189,2.1931,2.6529,0.40195,0.22307,0.24825,2
0.8,1.2,1.0891,2.1969,0.62728,0.85692,2.0196,2.1903,2.6528,0.40305,0.21256,0.24775,1.999
0.8,1.2,1.0876,2.1961,0.63108,0.85737,2.0218,2.1886,2.6522,0.4065,0.20585,0.24555,1.9988
0.8,1.2,1.0936,2.2142,0.61485,0.86173,2.0259,2.1998,2.652,0.41296,0.2485,0.24497,1.9998
0.8,1.2,1.0924,2.2133,0.61847,0.86348,2.0274,2.1978,2.6509,0.41536,0.24086,0.24092,1.9998
0.8,1.2,1.0905,2.2092,0.62298,0.86167,2.0276,2.1947,2.6504,0.41566,0.22915,0.23925,1.9991
0.8,1.2,1.0896,2.2106,0.62643,0.86365,2.0306,2.1937,2.649,0.4204,0.22514,0.23419,1.9998
0.8,1.2,1.0916,2.2206,0.61947,0.86665,2.0355,2.1987,2.6485,0.42808,0.24424,0.2323,1.9991
0.8,1.2,1.0904,2.2206,0.62259,0.8685,2.0378,2.1973,2.6473,0.43162,0.23893,0.22834,1.9991
0.8,1.2,1.0934,2.2367,0.61468,0.8744,2.0462,2.2046,2.6462,0.44488,0.26673,0.22444,2
0.8,1.2,1.0923,2.2362,0.61788,0.87351,2.048,2.203,2.645,0.44771,0.26055,0.22015,1.9998
0.8,1.2,1.0927,2.233,0.61559,0.87173,2.0442,2.2032,2.6467,0.44177,0.26141,0.22612,1.9992
0.8,1.2,1.0917,2.2392,0.61836,0.87509,2.0518,2.2034,2.644,0.45371,0.26196,0.21658,1.9991
0.8,1.2,1.0929,2.2342,0.61492,0.87169,2.0449,2.2038,2.6467,0.44284,0.26369,0.22601,1.9992
0.8,1.2,1.0932,2.2412,0.61513,0.87712,2.0507,2.2054,2.6449,0.452,0.26969,0.21978,1.9998
0.8,1.2,1.092,2.2409,0.61745,0.87552,2.0527,2.2042,2.644,0.45513,0.26501,0.2164,1.9992
0.8,1.2,1.0916,2.2447,0.61855,0.87863,2.0569,2.2046,2.6426,0.46172,0.26657,0.21156,1.9992
0.8,1.2,1.0932,2.2413,0.61506,0.87712,2.0508,2.2055,2.6449,0.45212,0.26993,0.21977,1.9998
0.8,1.2,1.0922,2.2479,0.61773,0.88048,2.0586,2.2058,2.6422,0.46444,0.27128,0.21012,1.9998
0.8,1.2,1.0919,2.2525,0.61841,0.88216,2.0633,2.2067,2.6409,0.47183,0.27454,0.20525,1.9998
0.8,1.2,1.0935,2.2373,0.61437,0.87485,2.0465,2.2049,2.6462,0.44538,0.26779,0.22441,2
0.8,1.2,1.0923,2.2483,0.6175,0.88047,2.0588,2.206,2.6422,0.46479,0.27203,0.2101,1.9998
0.8,1.2,1.091,2.2541,0.61973,0.88384,2.0664,2.2065,2.6399,0.47677,0.27372,0.20177,1.9991
0.8,1.2,1.0935,2.2373,0.61437,0.87485,2.0465,2.2049,2.6462,0.44538,0.26779,0.22441,2
0.8,1.2,1.0924,2.2491,0.61707,0.88044,2.0592,2.2064,2.6422,0.46547,0.27346,0.21007,1.9998
0.8,1.2,1.0919,2.2525,0.61841,0.88216,2.0633,2.2067,2.6409,0.47183,0.27454,0.20525,1.9998
0.8,1.2,1.0911,2.2546,0.61951,0.88382,2.0666,2.2067,2.6399,0.47712,0.27446,0.20173,1.9991
0.8,1.2,1.0911,2.261,0.62049,0.88657,2.0723,2.2081,2.6381,0.48613,0.27978,0.19535,2
0.8,1.2,1.0932,2.2412,0.61512,0.87712,2.0507,2.2054,2.6449,0.45203,0.26975,0.21977,1.9998
0.8,1.2,1.0927,2.2446,0.61638,0.87879,2.0547,2.2057,2.6436,0.45825,0.27055,0.21494,1.9998
0.8,1.2,1.0923,2.2484,0.61749,0.88047,2.0588,2.2061,2.6422,0.46482,0.2721,0.2101,1.9998
0.8,1.2,1.0916,2.2509,0.61828,0.88209,2.0624,2.2063,2.6412,0.47052,0.27287,0.20654,1.9992
0.8,1.2,1.0911,2.261,0.62046,0.88661,2.0724,2.2081,2.6381,0.48618,0.27988,0.19535,2
0.8,1.2,1.0908,2.2658,0.62112,0.89111,2.0773,2.2092,2.6367,0.49393,0.28387,0.1905,2
0.8,1.2,1.0935,2.2373,0.61432,0.87492,2.0465,2.205,2.6462,0.44545,0.26794,0.22441,2
0.8,1.2,1.0927,2.2446,0.61637,0.87879,2.0547,2.2057,2.6436,0.45826,0.27058,0.21494,1.9998
0.8,1.2,1.0924,2.2492,0.61704,0.88044,2.0593,2.2065,2.6422,0.46553,0.27358,0.21007,1.9998
0.8,1.2,1.0916,2.2511,0.61818,0.88208,2.0625,2.2064,2.6412,0.47067,0.27318,0.20653,1.9992
0.8,1.2,1.0911,2.2546,0.61951,0.88382,2.0666,2.2067,2.6399,0.47713,0.27446,0.20173,1.9991
0.8,1.2,1.0908,2.2658,0.62115,0.89111,2.0773,2.2092,2.6367,0.49389,0.28378,0.19051,2
0.8,1.2,1.0902,2.269,0.62249,0.8929,2.0814,2.2096,2.6354,0.50039,0.28535,0.18599,1.9998
0.8,1.2,1.0935,2.2373,0.61433,0.8749,2.0465,2.205,2.6462,0.44543,0.2679,0.22441,2
0.8,1.2,1.0932,2.2413,0.61505,0.87712,2.0508,2.2055,2.6449,0.45214,0.26998,0.21977,1.9998
0.8,1.2,1.0927,2.2446,0.61638,0.87879,2.0547,2.2057,2.6436,0.45825,0.27055,0.21494,1.9998
0.8,1.2,1.0924,2.2491,0.61707,0.88044,2.0592,2.2064,2.6422,0.46548,0.27348,0.21007,1.9998
0.8,1.2,1.0916,2.2512,0.61813,0.88208,2.0626,2.2064,2.6412,0.47076,0.27336,0.20652,1.9992
0.8,1.2,1.0911,2.2546,0.61951,0.88382,2.0666,2.2067,2.6399,0.47713,0.27446,0.20173,1.9991
0.8,1.2,1.0891,2.2508,0.6198,0.88145,2.067,2.2051,2.6404,0.47765,0.26861,0.2035,1.9957
0.8,1.2,1.0908,2.2658,0.62114,0.89111,2.0773,2.2092,2.6367,0.49391,0.28382,0.19051,2
0.8,1.2,1.0902,2.2688,0.62258,0.89291,2.0813,2.2095,2.6354,0.50026,0.28506,0.186,1.9998
0.8,1.2,1.0935,2.2374,0.61432,0.87492,2.0465,2.205,2.6462,0.44546,0.26795,0.22441,2
0.8,1.2,1.0932,2.2413,0.61504,0.87712,2.0508,2.2055,2.6449,0.45215,0.26999,0.21977,1.9998
0.8,1.2,1.0923,2.2484,0.61749,0.88047,2.0588,2.2061,2.6422,0.46482,0.2721,0.2101,1.9998
0.8,1.2,1.0911,2.2546,0.61951,0.88382,2.0666,2.2067,2.6399,0.47713,0.27447,0.20173,1.9991
0.8,1.2,1.0911,2.2605,0.62051,0.8861,2.0721,2.208,2.6381,0.48578,0.27926,0.19561,1.9998
0.8,1.2,1.0908,2.2656,0.62125,0.89112,2.0772,2.2091,2.6367,0.49374,0.28347,0.19051,2
0.8,1.2,1.0899,2.2675,0.62228,0.89244,2.0806,2.2091,2.6358,0.49909,0.28371,0.18727,1.9991
0.8,1.2,1.0896,2.2724,0.62391,0.89473,2.0857,2.2101,2.6341,0.50714,0.28726,0.18133,1.9998
0.8,1.2,1.0888,2.2746,0.62509,0.8965,2.0893,2.2103,2.6331,0.51293,0.28811,0.1778,1.9991
0.8,1.2,1.0932,2.2413,0.61505,0.87712,2.0508,2.2055,2.6449,0.45214,0.26996,0.21977,1.9998
0.8,1.2,1.0927,2.2448,0.61626,0.87878,2.0548,2.2058,2.6436,0.45844,0.27095,0.21493,1.9998
0.8,1.2,1.0924,2.2492,0.61704,0.88044,2.0593,2.2065,2.6422,0.46553,0.27359,0.21006,1.9998
0.8,1.2,1.0915,2.2565,0.6194,0.88387,2.0677,2.2073,2.6395,0.47875,0.27686,0.2005,1.9998
0.8,1.2,1.0912,2.2611,0.62041,0.88666,2.0724,2.2082,2.6381,0.48624,0.28003,0.19535,2
0.8,1.2,1.0908,2.2658,0.62112,0.89111,2.0773,2.2092,2.6367,0.49393,0.28387,0.1905,2
0.8,1.2,1.0896,2.2724,0.62391,0.89473,2.0857,2.2101,2.6341,0.50714,0.28726,0.18133,1.9998
0.8,1.2,1.0888,2.2746,0.62509,0.8965,2.0893,2.2103,2.6331,0.51293,0.28812,0.17779,1.9991
0.8,1.2,1.0884,2.2795,0.62583,0.8983,2.0945,2.2115,2.6318,0.52106,0.29284,0.17301,1.9991
0.8,1.2,1.0935,2.2374,0.61432,0.87493,2.0465,2.205,2.6462,0.44546,0.26796,0.22441,2
0.8,1.2,1.0923,2.2485,0.61742,0.88046,2.0589,2.2061,2.6422,0.46493,0.27232,0.2101,1.9998
0.8,1.2,1.0916,2.2512,0.61813,0.88208,2.0626,2.2064,2.6412,0.47076,0.27336,0.20652,1.9992
0.8,1.2,1.0911,2.2546,0.61951,0.88382,2.0666,2.2067,2.6399,0.47713,0.27447,0.20172,1.9991
0.8,1.2,1.0896,2.2725,0.62393,0.89473,2.0857,2.2101,2.6341,0.50722,0.28734,0.18125,1.9998
0.8,1.2,1.0888,2.2746,0.62509,0.8965,2.0893,2.2103,2.6331,0.51293,0.28812,0.17779,1.9991
0.8,1.2,1.0884,2.2795,0.62583,0.8983,2.0945,2.2115,2.6318,0.52106,0.29285,0.173,1.9991
0.8,1.2,1.088,2.2845,0.62658,0.90013,2.0997,2.2129,2.6304,0.52932,0.29783,0.16823,1.9991
0.8,1.2,1.0935,2.2374,0.61431,0.87494,2.0465,2.205,2.6462,0.44547,0.26798,0.22441,2
0.8,1.2,1.0927,2.2446,0.61637,0.87879,2.0547,2.2057,2.6436,0.45825,0.27056,0.21494,1.9998
0.8,1.2,1.0924,2.2492,0.61704,0.88044,2.0593,2.2065,2.6422,0.46553,0.27359,0.21006,1.9998
0.8,1.2,1.0911,2.2546,0.61951,0.88382,2.0666,2.2067,2.6399,0.47713,0.27447,0.20172,1.9991
0.8,1.2,1.091,2.2604,0.62059,0.88601,2.072,2.2079,2.6381,0.48566,0.27901,0.19562,1.9998
0.8,1.2,1.0908,2.2657,0.62119,0.89112,2.0772,2.2091,2.6367,0.49383,0.28365,0.19051,2
0.8,1.2,1.0888,2.2746,0.62509,0.8965,2.0893,2.2103,2.6331,0.51293,0.28812,0.17779,1.9991
0.8,1.2,1.0884,2.2795,0.62583,0.8983,2.0945,2.2115,2.6318,0.52107,0.29285,0.173,1.9991
0.8,1.2,1.0864,2.2757,0.62588,0.89599,2.0949,2.2101,2.6323,0.52171,0.28742,0.17481,1.9954
0.8,1.2,1.0935,2.2374,0.61432,0.87493,2.0465,2.205,2.6462,0.44546,0.26796,0.22441,2
0.8,1.2,1.0924,2.2492,0.61704,0.88044,2.0593,2.2065,2.6422,0.46553,0.27359,0.21006,1.9998
0.8,1.2,1.0916,2.2512,0.61813,0.88208,2.0626,2.2064,2.6412,0.47076,0.27336,0.20652,1.9992
0.8,1.2,1.0911,2.2547,0.61942,0.88381,2.0667,2.2068,2.6399,0.47728,0.27478,0.20171,1.9991
0.8,1.2,1.0911,2.2606,0.62047,0.88615,2.0722,2.208,2.6381,0.48584,0.2794,0.19561,1.9998
0.8,1.2,1.0908,2.2658,0.62113,0.89111,2.0773,2.2092,2.6367,0.49393,0.28386,0.1905,2
0.8,1.2,1.0896,2.2725,0.62393,0.89473,2.0857,2.2101,2.6341,0.50722,0.28735,0.18125,1.9998
0.8,1.2,1.0889,2.2755,0.62461,0.89644,2.0898,2.2107,2.6331,0.51365,0.28962,0.17775,1.9991
0.8,1.2,1.0884,2.2795,0.62583,0.8983,2.0945,2.2115,2.6318,0.52107,0.29285,0.173,1.9991
0.8,1.2,1.088,2.2845,0.62658,0.90013,2.0997,2.2129,2.6304,0.52932,0.29783,0.16823,1.9991
0.8,1.2,1.0924,2.2492,0.61704,0.88044,2.0593,2.2065,2.6422,0.46553,0.27359,0.21006,1.9998
0.8,1.2,1.0916,2.2512,0.61813,0.88208,2.0626,2.2064,2.6412,0.47076,0.27336,0.20652,1.9992
0.8,1.2,1.0898,2.2484,0.61798,0.87965,2.0634,2.2053,2.6417,0.47203,0.26911,0.20813,1.9958
0.8,1.2,1.0911,2.2607,0.62045,0.88618,2.0722,2.208,2.6381,0.48588,0.27947,0.19561,1.9998
0.8,1.2,1.0908,2.2655,0.62127,0.89113,2.0771,2.2091,2.6367,0.49371,0.2834,0.19052,2
0.8,1.2,1.0896,2.2725,0.62393,0.89473,2.0857,2.2101,2.6341,0.50722,0.28735,0.18125,1.9998
0.8,1.2,1.0874,2.2677,0.62358,0.89227,2.0855,2.2084,2.6349,0.50691,0.28105,0.1842,1.9956
0.8,1.2,1.088,2.2845,0.62658,0.90013,2.0997,2.2129,2.6304,0.52933,0.29783,0.16823,1.9991
0.8,1.2,1.088,2.2913,0.62753,0.90577,2.1061,2.2148,2.6287,0.53928,0.30528,0.16212,1.9998
0.8,1.2,1.0927,2.2446,0.61638,0.87879,2.0547,2.2057,2.6436,0.45825,0.27055,0.21494,1.9998
0.8,1.2,1.0916,2.2512,0.61813,0.88208,2.0626,2.2064,2.6412,0.47076,0.27336,0.20652,1.9992
0.8,1.2,1.0911,2.2607,0.62044,0.88619,2.0722,2.208,2.6381,0.48589,0.27949,0.19561,1.9998
0.8,1.2,1.0903,2.2628,0.62155,0.88758,2.0757,2.2081,2.6372,0.49136,0.27976,0.19211,1.9991
0.8,1.2,1.0902,2.269,0.62249,0.8929,2.0814,2.2096,2.6354,0.50039,0.28535,0.18599,1.9998
0.8,1.2,1.0894,2.2711,0.62363,0.89464,2.085,2.2097,2.6345,0.50601,0.28593,0.18253,1.9991
0.8,1.2,1.0889,2.2755,0.6246,0.89644,2.0898,2.2107,2.6331,0.51366,0.28965,0.17775,1.9991
0.8,1.2,1.0884,2.2795,0.62583,0.8983,2.0945,2.2116,2.6318,0.52107,0.29286,0.17299,1.9991
0.8,1.2,1.088,2.2845,0.62658,0.90013,2.0997,2.2129,2.6304,0.52933,0.29783,0.16823,1.9991
0.8,1.2,1.0876,2.2964,0.62829,0.90769,2.1115,2.2163,2.6274,0.54788,0.311,0.15732,1.9998
0.8,1.2,1.0862,2.3039,0.6303,0.91152,2.1211,2.2185,2.625,0.56295,0.31904,0.14905,1.999
0.8,1.2,1.0935,2.2374,0.6143,0.87495,2.0466,2.205,2.6462,0.44549,0.26802,0.22441,2
0.8,1.2,1.0912,2.255,0.61928,0.8838,2.0669,2.2069,2.6399,0.47749,0.27523,0.2017,1.9991
0.8,1.2,1.0911,2.2608,0.62038,0.88626,2.0722,2.2081,2.6381,0.48598,0.27969,0.19561,1.9998
0.8,1.2,1.0908,2.2658,0.62112,0.89111,2.0773,2.2092,2.6367,0.49393,0.28388,0.1905,2
0.8,1.2,1.0894,2.2711,0.62363,0.89464,2.085,2.2097,2.6345,0.50601,0.28593,0.18252,1.9991
0.8,1.2,1.0888,2.2749,0.62495,0.89648,2.0895,2.2104,2.6331,0.51315,0.28857,0.17778,1.9991
0.8,1.2,1.0884,2.2795,0.62583,0.8983,2.0945,2.2115,2.6318,0.52107,0.29285,0.173,1.9991
0.8,1.2,1.088,2.2845,0.62658,0.90013,2.0997,2.2129,2.6304,0.52933,0.29783,0.16823,1.9991
0.8,1.2,1.0862,2.3039,0.6303,0.91152,2.1211,2.2185,2.625,0.56296,0.31905,0.14905,1.999
0.8,1.2,1.0912,2.255,0.61926,0.8838,2.0669,2.2069,2.6399,0.47752,0.27529,0.2017,1.9992
0.8,1.2,1.0911,2.2607,0.62043,0.88621,2.0722,2.208,2.6381,0.48591,0.27954,0.19561,1.9998
0.8,1.2,1.0908,2.2658,0.62113,0.89111,2.0773,2.2092,2.6367,0.49392,0.28385,0.1905,2
0.8,1.2,1.0902,2.269,0.62249,0.8929,2.0814,2.2096,2.6354,0.50039,0.28535,0.18599,1.9998
0.8,1.2,1.0894,2.2711,0.62363,0.89464,2.085,2.2097,2.6345,0.50601,0.28593,0.18252,1.9991
0.8,1.2,1.088,2.2845,0.62658,0.90013,2.0997,2.2129,2.6304,0.52933,0.29783,0.16823,1.9991
0.8,1.2,1.0875,2.289,0.62765,0.90284,2.1048,2.214,2.6291,0.5373,0.30222,0.16346,1.9991
0.8,1.2,1.0876,2.2964,0.62829,0.90769,2.1115,2.2163,2.6274,0.54788,0.311,0.15732,1.9998
0.8,1.2,1.0869,2.3002,0.62984,0.9097,2.1163,2.2173,2.626,0.55549,0.3146,0.15257,1.9998
0.8,1.2,1.0862,2.3039,0.6303,0.91152,2.1211,2.2185,2.625,0.56296,0.31905,0.14905,1.999
0.8,1.2,1.0854,2.3147,0.63194,0.9186,2.1327,2.2221,2.6223,0.58125,0.33276,0.13937,1.999
0.8,1.2,1.0932,2.2414,0.61504,0.87711,2.0508,2.2055,2.6449,0.45215,0.27,0.21976,1.9998
0.8,1.2,1.0926,2.2445,0.6155,0.8783,2.0546,2.2059,2.6439,0.45821,0.27153,0.21614,1.9992
0.8,1.2,1.0924,2.2492,0.61704,0.88044,2.0593,2.2065,2.6422,0.46553,0.27359,0.21006,1.9998
0.8,1.2,1.0916,2.2512,0.61813,0.88208,2.0626,2.2064,2.6412,0.47076,0.27336,0.20652,1.9992
0.8,1.2,1.09,2.2491,0.61756,0.87962,2.0638,2.2057,2.6416,0.47271,0.27055,0.20806,1.9958
0.8,1.2,1.0895,2.2525,0.61893,0.88138,2.0679,2.206,2.6403,0.4791,0.27167,0.20326,1.9958
0.8,1.2,1.0903,2.2628,0.62153,0.8877,2.0757,2.2081,2.6372,0.4914,0.27984,0.19211,1.9991
0.8,1.2,1.0894,2.2711,0.62363,0.89464,2.085,2.2097,2.6345,0.50601,0.28593,0.18252,1.9991
0.8,1.2,1.0889,2.2755,0.62458,0.89644,2.0898,2.2107,2.6331,0.5137,0.28972,0.17775,1.9991
0.8,1.2,1.0884,2.2795,0.62583,0.8983,2.0945,2.2115,2.6318,0.52107,0.29285,0.173,1.9991
0.8,1.2,1.086,2.2805,0.62659,0.89793,2.1001,2.2114,2.631,0.52993,0.29237,0.1701,1.9953
0.8,1.2,1.0862,2.3039,0.6303,0.91152,2.1211,2.2185,2.625,0.56296,0.31905,0.14905,1.999
0.8,1.2,1.0862,2.3116,0.63138,0.91738,2.1282,2.221,2.6232,0.57412,0.32873,0.1426,2
0.8,1.2,1.0916,2.2511,0.61818,0.88208,2.0625,2.2064,2.6412,0.47068,0.27319,0.20652,1.9992
0.8,1.2,1.0912,2.2551,0.61923,0.8838,2.0669,2.2069,2.6399,0.47758,0.27541,0.2017,1.9992
0.8,1.2,1.0911,2.2609,0.62033,0.88632,2.0723,2.2081,2.6381,0.48606,0.27986,0.1956,1.9998
0.8,1.2,1.0903,2.2628,0.62152,0.88775,2.0757,2.2081,2.6372,0.49141,0.27988,0.1921,1.9991
0.8,1.2,1.0899,2.2675,0.62227,0.89249,2.0806,2.2091,2.6358,0.49912,0.28377,0.18726,1.9991
0.8,1.2,1.0889,2.2756,0.62458,0.89644,2.0898,2.2107,2.6331,0.5137,0.28972,0.17775,1.9991
0.8,1.2,1.0884,2.2795,0.62583,0.8983,2.0945,2.2115,2.6318,0.52107,0.29285,0.173,1.9991
0.8,1.2,1.088,2.2916,0.62757,0.90584,2.1063,2.2149,2.6286,0.53957,0.30567,0.16186,2
0.8,1.2,1.0862,2.3039,0.6303,0.91152,2.1211,2.2185,2.625,0.56296,0.31905,0.14905,1.999
0.8,1.2,1.0862,2.3114,0.63119,0.91733,2.128,2.221,2.6233,0.5739,0.32856,0.14292,1.9998
0.8,1.2,1.0857,2.3167,0.63213,0.91934,2.1338,2.2228,2.622,0.58301,0.33534,0.13806,1.9998
0.8,1.2,1.0853,2.3223,0.63298,0.92137,2.1398,2.2248,2.6206,0.59247,0.34286,0.1332,1.9998
0.8,1.2,1.0842,2.3248,0.63426,0.92343,2.1442,2.2256,2.6196,0.59936,0.3461,0.12968,1.9989
0.8,1.2,1.0912,2.2551,0.61925,0.8838,2.0669,2.2069,2.6399,0.47755,0.27534,0.2017,1.9992
0.8,1.2,1.091,2.26,0.62081,0.88573,2.0718,2.2077,2.6381,0.48531,0.27827,0.19564,1.9998
0.8,1.2,1.0903,2.2629,0.62151,0.88779,2.0757,2.2081,2.6372,0.49143,0.27991,0.1921,1.9991
0.8,1.2,1.0902,2.269,0.62249,0.8929,2.0814,2.2096,2.6354,0.50039,0.28535,0.18599,1.9998
0.8,1.2,1.0894,2.2711,0.62363,0.89464,2.085,2.2097,2.6345,0.50601,0.28593,0.18252,1.9991
0.8,1.2,1.0889,2.2756,0.62458,0.89644,2.0898,2.2107,2.6331,0.5137,0.28972,0.17774,1.9991
0.8,1.2,1.088,2.2845,0.62658,0.90013,2.0997,2.2129,2.6304,0.52933,0.29783,0.16823,1.9991
0.8,1.2,1.0876,2.2964,0.62829,0.90769,2.1115,2.2163,2.6274,0.54788,0.311,0.15732,1.9998
0.8,1.2,1.0869,2.3002,0.62984,0.9097,2.1163,2.2173,2.626,0.55549,0.3146,0.15257,1.9998
0.8,1.2,1.0862,2.3039,0.6303,0.91152,2.1211,2.2185,2.625,0.56296,0.31905,0.14905,1.999
0.8,1.2,1.0862,2.3115,0.63137,0.91737,2.1281,2.221,2.6232,0.57404,0.32863,0.14266,2
0.8,1.2,1.0853,2.3223,0.63298,0.92137,2.1398,2.2248,2.6206,0.59247,0.34286,0.1332,1.9998
0.8,1.2,1.0845,2.3265,0.63463,0.92357,2.1452,2.2262,2.6192,0.60096,0.34834,0.12839,1.9998
0.8,1.2,1.0843,2.3334,0.63492,0.9279,2.1521,2.2289,2.6178,0.61176,0.35868,0.12346,1.9998
0.8,1.2,1.0903,2.2629,0.6215,0.88783,2.0757,2.2081,2.6372,0.49144,0.27994,0.1921,1.9991
0.8,1.2,1.0902,2.269,0.62249,0.8929,2.0814,2.2096,2.6354,0.50039,0.28535,0.18599,1.9998
0.8,1.2,1.0889,2.2756,0.62458,0.89644,2.0898,2.2107,2.6331,0.5137,0.28973,0.17774,1.9991
0.8,1.2,1.0883,2.286,0.62686,0.90196,2.1006,2.2133,2.6301,0.53068,0.29956,0.16695,1.9998
0.8,1.2,1.088,2.2913,0.62752,0.90581,2.1061,2.2148,2.6287,0.5393,0.30531,0.16212,1.9998
0.8,1.2,1.0873,2.2949,0.62797,0.90757,2.1107,2.2159,2.6277,0.54653,0.30927,0.15859,1.999
0.8,1.2,1.0869,2.3002,0.62984,0.9097,2.1163,2.2173,2.626,0.55549,0.31461,0.15257,1.9998
0.8,1.2,1.0862,2.3039,0.6303,0.91152,2.1211,2.2185,2.625,0.56296,0.31905,0.14905,1.999
0.8,1.2,1.085,2.3206,0.63262,0.92124,2.1388,2.2242,2.621,0.59092,0.34072,0.13449,1.999
0.8,1.2,1.084,2.3323,0.63552,0.92568,2.1515,2.2284,2.6179,0.61084,0.35673,0.12353,1.9998
0.8,1.2,1.0834,2.3369,0.63572,0.92918,2.1571,2.2304,2.6168,0.61975,0.36425,0.11987,1.9989
0.8,1.2,1.0894,2.2711,0.62363,0.89464,2.085,2.2097,2.6345,0.50602,0.28594,0.18252,1.9991
0.8,1.2,1.089,2.2757,0.62449,0.89643,2.0899,2.2108,2.6331,0.51383,0.29001,0.17774,1.9991
0.8,1.2,1.0884,2.2795,0.62583,0.8983,2.0945,2.2115,2.6318,0.52107,0.29285,0.173,1.9991
0.8,1.2,1.088,2.2845,0.62658,0.90013,2.0997,2.2129,2.6304,0.52933,0.29783,0.16823,1.9991
0.8,1.2,1.0873,2.2949,0.62797,0.90758,2.1107,2.2159,2.6277,0.54654,0.30928,0.15859,1.999
0.8,1.2,1.0862,2.3039,0.6303,0.91152,2.1211,2.2185,2.625,0.56296,0.31905,0.14905,1.999
0.8,1.2,1.0842,2.3004,0.62997,0.90922,2.1217,2.2173,2.6255,0.56398,0.31449,0.1508,1.9951
0.8,1.2,1.085,2.3206,0.63262,0.92124,2.1388,2.2242,2.621,0.59092,0.34072,0.13449,1.999
0.8,1.2,1.0842,2.3248,0.63424,0.92343,2.1442,2.2256,2.6196,0.59939,0.34616,0.12968,1.9989
0.8,1.2,1.0843,2.3334,0.63492,0.9279,2.1521,2.2289,2.6178,0.61176,0.35869,0.12346,1.9998
0.8,1.2,1.0884,2.2795,0.62583,0.8983,2.0945,2.2115,2.6318,0.52107,0.29285,0.173,1.9991
0.8,1.2,1.088,2.2845,0.62658,0.90013,2.0997,2.2129,2.6304,0.52933,0.29784,0.16823,1.9991
0.8,1.2,1.0876,2.2892,0.6275,0.90299,2.1049,2.2141,2.6291,0.53752,0.30268,0.16344,1.9991
0.8,1.2,1.0873,2.2949,0.62797,0.90758,2.1107,2.2159,2.6277,0.54654,0.30928,0.15859,1.999
0.8,1.2,1.0869,2.3003,0.62983,0.9097,2.1164,2.2173,2.626,0.55551,0.31465,0.15257,1.9998
0.8,1.2,1.0862,2.3039,0.6303,0.91152,2.1211,2.2185,2.625,0.56296,0.31905,0.14905,1.999
0.8,1.2,1.0857,2.3167,0.63213,0.91934,2.1338,2.2228,2.622,0.58301,0.33534,0.13806,1.9998
0.8,1.2,1.0853,2.3223,0.63298,0.92137,2.1398,2.2248,2.6206,0.59247,0.34286,0.1332,1.9998
0.8,1.2,1.0844,2.3258,0.63369,0.92334,2.1447,2.2261,2.6196,0.60021,0.3479,0.12964,1.9989
0.8,1.2,1.0823,2.3489,0.63769,0.93584,2.1703,2.2354,2.614,0.64052,0.38326,0.10992,1.9988
0.8,1.2,1.0876,2.2892,0.6275,0.90299,2.1049,2.2141,2.6291,0.53752,0.30268,0.16344,1.9991
0.8,1.2,1.0858,2.2867,0.6267,0.9025,2.1061,2.2134,2.6296,0.53931,0.29974,0.1651,1.9953
0.8,1.2,1.0869,2.3002,0.62984,0.9097,2.1163,2.2173,2.626,0.55549,0.31461,0.15257,1.9998
0.8,1.2,1.0862,2.3039,0.63031,0.91152,2.1211,2.2185,2.625,0.56296,0.31905,0.14905,1.999
0.8,1.2,1.0862,2.3114,0.63119,0.91733,2.128,2.221,2.6233,0.5739,0.32856,0.14291,1.9998
0.8,1.2,1.085,2.3206,0.63262,0.92124,2.1388,2.2242,2.621,0.59092,0.34072,0.13449,1.999
0.8,1.2,1.0845,2.3259,0.63365,0.92333,2.1448,2.2261,2.6196,0.60027,0.34802,0.12964,1.9989
0.8,1.2,1.0831,2.3446,0.63715,0.93374,2.1647,2.2335,2.6151,0.63167,0.37587,0.11359,1.9998
0.8,1.2,1.0823,2.3489,0.63769,0.93584,2.1703,2.2354,2.614,0.64052,0.38326,0.10992,1.9988
0.8,1.2,1.0823,2.3587,0.63832,0.94093,2.1792,2.2397,2.6122,0.6546,0.39947,0.10347,1.9998
0.8,1.2,1.0862,2.3039,0.6303,0.91153,2.1211,2.2185,2.625,0.56296,0.31905,0.14905,1.999
0.8,1.2,1.0857,2.3167,0.63213,0.91934,2.1338,2.2228,2.622,0.58301,0.33534,0.13806,1.9998
0.8,1.2,1.085,2.3206,0.63262,0.92124,2.1388,2.2242,2.621,0.59092,0.34072,0.13449,1.999
0.8,1.2,1.0845,2.326,0.63361,0.92332,2.1448,2.2262,2.6196,0.60035,0.34817,0.12964,1.9989
0.8,1.2,1.0831,2.3446,0.63715,0.93374,2.1647,2.2335,2.6151,0.63167,0.37587,0.11359,1.9998
0.8,1.2,1.0823,2.3489,0.63769,0.93584,2.1703,2.2354,2.614,0.64054,0.38329,0.10991,1.9988
0.8,1.2,1.0823,2.3587,0.63833,0.94091,2.1792,2.2397,2.6122,0.65459,0.39945,0.10347,1.9998
0.8,1.2,1.0819,2.3658,0.63906,0.94426,2.1867,2.2431,2.6108,0.66643,0.41209,0.098314,1.9998
0.8,1.2,1.0857,2.3167,0.63213,0.91934,2.1338,2.2228,2.622,0.58301,0.33534,0.13806,1.9998
0.8,1.2,1.085,2.3206,0.63262,0.92124,2.1388,2.2242,2.621,0.59092,0.34072,0.13449,1.999
0.8,1.2,1.0843,2.325,0.63412,0.92341,2.1443,2.2257,2.6196,0.59958,0.34656,0.12967,1.9989
0.8,1.2,1.0823,2.3216,0.63348,0.92113,2.1451,2.2247,2.6201,0.60085,0.34256,0.13138,1.9948
0.8,1.2,1.0817,2.3268,0.6345,0.9233,2.1512,2.2267,2.6187,0.61035,0.35015,0.12661,1.9946
0.8,1.2,1.0823,2.3489,0.63769,0.93584,2.1703,2.2354,2.614,0.64052,0.38326,0.10992,1.9988
0.8,1.2,1.0824,2.359,0.63817,0.94145,2.1794,2.2399,2.6122,0.65484,0.39998,0.10346,1.9998
0.8,1.2,1.0814,2.3627,0.63918,0.94216,2.1849,2.2417,2.6112,0.6636,0.40716,0.099708,1.9988
0.8,1.2,1.081,2.371,0.64089,0.94683,2.1934,2.2456,2.6093,0.67687,0.42181,0.093203,1.9998
0.8,1.2,1.085,2.3206,0.63262,0.92124,2.1388,2.2242,2.621,0.59091,0.34071,0.1345,1.999
0.8,1.2,1.0844,2.3257,0.63378,0.92335,2.1446,2.226,2.6196,0.60008,0.34761,0.12965,1.9989
0.8,1.2,1.0843,2.3334,0.63492,0.92789,2.152,2.2289,2.6178,0.61175,0.35868,0.12346,1.9998
0.8,1.2,1.0831,2.3446,0.63715,0.93374,2.1647,2.2335,2.6151,0.63167,0.37587,0.11359,1.9998
0.8,1.2,1.0823,2.3489,0.63769,0.93584,2.1703,2.2354,2.614,0.64052,0.38326,0.10992,1.9988
0.8,1.2,1.0817,2.3552,0.63867,0.93814,2.1773,2.2383,2.6126,0.6515,0.39402,0.10487,1.9988
0.8,1.2,1.0814,2.3627,0.63916,0.94226,2.185,2.2418,2.6112,0.66364,0.40726,0.099703,1.9988
0.8,1.2,1.081,2.371,0.64089,0.94683,2.1934,2.2456,2.6093,0.67687,0.42181,0.093202,1.9998
0.8,1.2,1.0809,2.3808,0.6409,0.95299,2.2027,2.2505,2.6077,0.69155,0.4403,0.08754,1.9999
0.8,1.2,1.0843,2.3334,0.63491,0.9279,2.1521,2.2289,2.6178,0.61177,0.3587,0.12346,1.9998
0.8,1.2,1.0838,2.3394,0.6358,0.93148,2.1585,2.2313,2.6165,0.62194,0.36774,0.11851,1.9998
0.8,1.2,1.0831,2.3446,0.63715,0.93374,2.1647,2.2335,2.6151,0.63167,0.37588,0.11359,1.9998
0.8,1.2,1.0819,2.3658,0.63906,0.94426,2.1867,2.2431,2.6108,0.66643,0.41209,0.098314,1.9998
0.8,1.2,1.081,2.3706,0.63965,0.94651,2.193,2.2456,2.6097,0.67625,0.42155,0.094434,1.9988
0.8,1.2,1.0808,2.3804,0.64081,0.95295,2.2024,2.2503,2.6078,0.69113,0.43963,0.087803,1.9997
0.8,1.2,1.0804,2.389,0.64136,0.95548,2.2112,2.2548,2.6063,0.70503,0.45673,0.082323,1.9997
0.8,1.2,1.0823,2.3489,0.63769,0.93584,2.1703,2.2354,2.614,0.64052,0.38327,0.10991,1.9988
0.8,1.2,1.0823,2.3582,0.63846,0.94034,2.179,2.2395,2.6123,0.65421,0.39871,0.10357,1.9997
0.8,1.2,1.0814,2.3628,0.63912,0.9424,2.185,2.2418,2.6112,0.66371,0.4074,0.099696,1.9988
0.8,1.2,1.081,2.3706,0.63965,0.94652,2.193,2.2456,2.6097,0.67626,0.42157,0.094432,1.9988
0.8,1.2,1.08,2.3984,0.6418,0.96047,2.2208,2.26,2.6047,0.72004,0.47627,0.076677,1.9997
0.8,1.2,1.0817,2.3552,0.63867,0.93814,2.1773,2.2383,2.6126,0.6515,0.39403,0.10487,1.9988
0.8,1.2,1.0814,2.3628,0.63911,0.94242,2.185,2.2418,2.6112,0.66372,0.40743,0.099695,1.9988
0.8,1.2,1.081,2.3706,0.63965,0.94652,2.193,2.2456,2.6097,0.67626,0.42157,0.094432,1.9988
0.8,1.2,1.0802,2.3997,0.64156,0.96123,2.2215,2.2606,2.6046,0.72121,0.47855,0.076368,1.9999
0.8,1.2,1.0798,2.4096,0.64186,0.9647,2.2316,2.2664,2.603,0.73715,0.50036,0.070702,1.9997
0.8,1.2,1.081,2.3706,0.63965,0.94652,2.193,2.2456,2.6097,0.67625,0.42156,0.094433,1.9988
0.8,1.2,1.0809,2.3808,0.6409,0.95299,2.2027,2.2505,2.6077,0.69156,0.44033,0.087539,1.9999
0.8,1.2,1.0804,2.389,0.64135,0.95548,2.2112,2.2549,2.6063,0.70504,0.45675,0.082322,1.9997
0.8,1.2,1.0801,2.3988,0.64163,0.96063,2.221,2.2602,2.6047,0.7204,0.47702,0.076656,1.9997
0.8,1.2,1.0763,2.3869,0.64266,0.95263,2.2176,2.2556,2.6056,0.71511,0.45964,0.079931,1.9934
0.8,1.2,1.0846,2.4846,0.62794,0.99198,2.2908,2.3155,2.5994,0.83047,0.68638,0.057804,1.9999
0.8,1.2,1.0804,2.389,0.64135,0.95548,2.2112,2.2549,2.6063,0.70504,0.45676,0.082322,1.9997
0.8,1.2,1.0802,2.3997,0.64156,0.96124,2.2215,2.2606,2.6046,0.72122,0.47856,0.076367,1.9999
0.8,1.2,1.0798,2.41,0.64169,0.96469,2.2319,2.2666,2.603,0.73755,0.50119,0.070682,1.9997
0.8,1.2,1.0849,2.4901,0.62701,0.99475,2.2952,2.3193,2.5993,0.83732,0.7008,0.057429,1.9999
0.8,1.2,1.0837,2.507,0.62912,0.99983,2.3133,2.3326,2.5966,0.86594,0.75113,0.047918,2
0.8,1.2,1.0798,2.4096,0.64185,0.9647,2.2316,2.2664,2.603,0.73715,0.50036,0.070702,1.9997
0.8,1.2,1.0846,2.4849,0.62789,0.99215,2.2911,2.3157,2.5994,0.83084,0.68717,0.057784,1.9999
0.8,1.2,1.0837,2.507,0.62912,0.99983,2.3133,2.3326,2.5966,0.86594,0.75113,0.047918,2
0.8,1.2,1.0817,2.5137,0.63339,0.99971,2.3238,2.3393,2.5941,0.88252,0.77621,0.039045,1.9999
0.8,1.2,1.0837,2.507,0.62912,0.99983,2.3133,2.3326,2.5966,0.86594,0.75113,0.047918,2
0.8,1.2,1.0817,2.5137,0.63339,0.99971,2.3238,2.3393,2.5941,0.88252,0.77622,0.039045,1.9999
0.8,1.2,1.0794,2.5243,0.63806,0.99983,2.3387,2.3497,2.5915,0.90587,0.81563,0.029654,1.9999
0.8,1.2,1.0792,2.5193,0.63834,0.99913,2.3345,2.346,2.5917,0.89928,0.80172,0.030389,1.9996
0.8,1.2,1.0762,2.5363,0.64432,0.9999,2.3567,2.363,2.5887,0.93432,0.86591,0.019756,1.9999
0.8,1.2,1.0552,2.5308,0.67528,0.99945,2.3984,2.3984,2.5831,1,1,0,1.9901
